29988  10  2
29985  11  4
29981  13  6
29980  13  7
29976  13  11
29974  14  12
29973  13  14
29971  13  16
29971  12  17
29966  15  19
29965  13  22
29963  13  24
29961  12  27
29959  12  29
29958  10  32
29954  13  33
29952  13  35
29950  14  36
29948  14  38
29945  17  38
29940  19  41
29938  20  42
29934  21  45
29932  21  47
29929  21  50
29925  22  53
29922  21  57
29921  19  60
29919  20  61
29917  14  69
29916  15  69
29916  15  69
29914  17  69
29912  18  70
29907  20  73
29900  26  74
29896  26  78
29892  27  81
29888  28  84
29879  35  86
29874  37  89
29871  37  92
29865  41  94
29857  46  97
29853  47  100
29848  45  107
29839  48  113
29831  44  125
29823  47  130
29812  55  133
29799  62  139
29782  70  148
29771  67  162
29765  67  168
29753  71  176
29742  66  192
29729  71  200
29713  82  205
29698  85  217
29692  87  221
29687  83  230
29678  80  242
29667  79  254
29650  85  265
29635  92  273
29620  92  288
29604  94  302
29587  99  314
29576  101  323
29552  115  333
29527  122  351
29502  133  365
29481  133  386
29456  140  404
29433  152  415
29410  160  430
29383  168  449
29352  184  464
29326  185  489
29294  193  513
29260  211  529
29225  222  553
29190  229  581
29167  221  612
29113  254  633
29071  266  663
29027  275  698
28969  295  736
28926  297  777
28883  305  812
28832  329  839
28766  354  880
28702  377  921
28639  402  959
28566  426  1008
28478  464  1058
28408  487  1105
28335  506  1159
28268  513  1219
28180  552  1268
28107  563  1330
28009  591  1400
27922  608  1470
27830  636  1534
27732  657  1611
27625  696  1679
27511  731  1758
27411  747  1842
27306  768  1926
27187  802  2011
27072  818  2110
26931  871  2198
26796  889  2315
26650  935  2415
26501  983  2516
26343  1021  2636
26191  1051  2758
26027  1096  2877
25862  1132  3006
25684  1198  3118
25524  1229  3247
25350  1272  3378
25164  1307  3529
24999  1312  3689
24816  1348  3836
24635  1375  3990
24451  1363  4186
24263  1392  4345
24073  1447  4480
23861  1497  4642
23652  1529  4819
23472  1527  5001
23285  1539  5176
23073  1567  5360
22861  1596  5543
22665  1588  5747
22469  1619  5912
22261  1626  6113
22080  1616  6304
21883  1642  6475
21682  1659  6659
21481  1657  6862
21289  1665  7046
21085  1703  7212
20879  1707  7414
20660  1753  7587
20453  1759  7788
20244  1760  7996
20050  1767  8183
19870  1762  8368
19669  1764  8567
19485  1764  8751
19292  1770  8938
19091  1774  9135
18903  1778  9319
18732  1759  9509
18565  1737  9698
18402  1709  9889
18237  1678  10085
18049  1663  10288
17889  1644  10467
17753  1577  10670
17619  1527  10854
17473  1516  11011
17330  1494  11176
17177  1492  11331
17033  1464  11503
16902  1436  11662
16779  1389  11832
16624  1395  11981
16518  1351  12131
16398  1305  12297
16265  1278  12457
16157  1252  12591
16042  1230  12728
15928  1222  12850
15842  1182  12976
15750  1136  13114
15651  1108  13241
15560  1082  13358
15462  1077  13461
15365  1066  13569
15274  1027  13699
15196  995  13809
15096  972  13932
15023  928  14049
14945  905  14150
14856  897  14247
14776  865  14359
14703  822  14475
14627  813  14560
14568  771  14661
14517  724  14759
14467  695  14838
14412  668  14920
14361  637  15002
14313  607  15080
14271  580  15149
14220  577  15203
14170  564  15266
14131  552  15317
14089  535  15376
14053  515  15432
14009  492  15499
13981  463  15556
13944  448  15608
13909  442  15649
13871  437  15692
13836  434  15730
13807  419  15774
13779  404  15817
13753  387  15860
13718  370  15912
13692  355  15953
13656  351  15993
13634  334  16032
13609  321  16070
13590  303  16107
13572  288  16140
13546  287  16167
13528  278  16194
13502  273  16225
13475  268  16257
13455  265  16280
13439  255  16306
13419  251  16330
13388  246  16366
13378  228  16394
13361  212  16427
13336  217  16447
13316  220  16464
13294  218  16488
13285  206  16509
13267  193  16540
13251  199  16550
13238  188  16574
13232  175  16593
13217  165  16618
13208  166  16626
13195  155  16650
13184  145  16671
13172  141  16687
13166  134  16700
13157  128  16715
13145  130  16725
13140  118  16742
13134  105  16761
13124  108  16768
13118  105  16777
13110  102  16788
13105  96  16799
13102  89  16809
13093  80  16827
13087  77  16836
13080  74  16846
13071  72  16857
13069  63  16868
13066  59  16875
13065  54  16881
13056  58  16886
13051  56  16893
13046  56  16898
13039  53  16908
13035  48  16917
13032  45  16923
13028  40  16932
13023  39  16938
13023  33  16944
13020  34  16946
13016  33  16951
13013  36  16951
13010  32  16958
13009  32  16959
13004  35  16961
13001  34  16965
12996  32  16972
12994  29  16977
12992  26  16982
12990  25  16985
12988  21  16991
12988  18  16994
12986  18  16996
12985  17  16998
12982  18  17000
12982  17  17001
12982  16  17002
12978  17  17005
12976  15  17009
12975  16  17009
12974  14  17012
12972  15  17013
12972  13  17015
12972  11  17017
12971  11  17018
12971  11  17018
12970  10  17020
12968  10  17022
12965  10  17025
12965  8  17027
12965  7  17028
12965  7  17028
12964  7  17029
12963  7  17030
12963  6  17031
12963  5  17032
12963  5  17032
12963  4  17033
12963  4  17033
12963  3  17034
12962  4  17034
12962  4  17034
12962  4  17034
12962  4  17034
12961  4  17035
12960  3  17037
12960  3  17037
12960  3  17037
12960  3  17037
12960  3  17037
12960  3  17037
12959  3  17038
12959  2  17039
12959  2  17039
12959  2  17039
12959  2  17039
12959  2  17039
12959  2  17039
12959  2  17039
12959  2  17039
12959  2  17039
12958  3  17039
12957  4  17039
12956  5  17039
12956  4  17040
12956  4  17040
12956  4  17040
12956  4  17040
12956  3  17041
12956  3  17041
12956  3  17041
12955  2  17043
12955  2  17043
12955  2  17043
12955  2  17043
12955  1  17044
12955  1  17044
12955  1  17044
12955  1  17044
12955  1  17044
12955  0  17045
12955  0  17045
12955  0  17045
12955  0  17045
12955  0  17045
12955  0  17045
12955  0  17045
12955  0  17045
12955  0  17045
12955  0  17045
12955  0  17045
12955  0  17045
12955  0  17045
12955  0  17045
12955  0  17045
12955  0  17045
12955  0  17045
12955  0  17045
12955  0  17045
12955  0  17045
12955  0  17045
12955  0  17045
12955  0  17045
12955  0  17045
12955  0  17045
12955  0  17045
12955  0  17045
12955  0  17045
12955  0  17045
12955  0  17045
12955  0  17045
12955  0  17045
12955  0  17045
12955  0  17045
12955  0  17045
12955  0  17045
12955  0  17045
12955  0  17045
12955  0  17045
12955  0  17045
12955  0  17045
12955  0  17045
12955  0  17045
12955  0  17045
12955  0  17045
12955  0  17045
12955  0  17045
12955  0  17045
12955  0  17045
12955  0  17045
12955  0  17045
12955  0  17045
12955  0  17045
12955  0  17045
12955  0  17045
12955  0  17045
12955  0  17045
12955  0  17045
12955  0  17045
12955  0  17045
12955  0  17045
12955  0  17045
12955  0  17045
12955  0  17045
12955  0  17045
12955  0  17045
12955  0  17045
12955  0  17045
12955  0  17045
12955  0  17045
12955  0  17045
12955  0  17045
12955  0  17045
12955  0  17045
12955  0  17045
12955  0  17045
12955  0  17045
12955  0  17045
12955  0  17045
12955  0  17045
12955  0  17045
12955  0  17045
12955  0  17045
12955  0  17045
12955  0  17045
12955  0  17045
12955  0  17045
12955  0  17045
12955  0  17045
12955  0  17045
12955  0  17045
12955  0  17045
12955  0  17045
12955  0  17045
12955  0  17045
12955  0  17045
12955  0  17045
12955  0  17045
12955  0  17045
12955  0  17045
12955  0  17045
12955  0  17045
12955  0  17045
12955  0  17045
12955  0  17045
12955  0  17045
12955  0  17045
12955  0  17045
12955  0  17045
12955  0  17045
12955  0  17045
12955  0  17045
12955  0  17045
12955  0  17045
12955  0  17045
12955  0  17045
12955  0  17045
12955  0  17045
12955  0  17045
12955  0  17045
12955  0  17045
12955  0  17045
12955  0  17045
12955  0  17045
12955  0  17045
12955  0  17045
12955  0  17045
12955  0  17045
12955  0  17045
12955  0  17045
12955  0  17045
12955  0  17045
12955  0  17045
12955  0  17045
12955  0  17045
12955  0  17045
12955  0  17045
12955  0  17045
12955  0  17045
12955  0  17045
12955  0  17045
12955  0  17045
12955  0  17045
12955  0  17045
12955  0  17045
12955  0  17045
12955  0  17045
12955  0  17045
12955  0  17045
12955  0  17045
12955  0  17045
12955  0  17045
12955  0  17045
12955  0  17045
12955  0  17045
12955  0  17045
12955  0  17045
12955  0  17045
12955  0  17045
12955  0  17045
12955  0  17045
12955  0  17045
12955  0  17045
12955  0  17045
12955  0  17045
12955  0  17045
12955  0  17045
12955  0  17045
12955  0  17045
12955  0  17045
12955  0  17045
12955  0  17045
12955  0  17045
12955  0  17045
12955  0  17045
12955  0  17045
12955  0  17045
12955  0  17045
12955  0  17045
12955  0  17045
12955  0  17045
12955  0  17045
12955  0  17045
12955  0  17045
12955  0  17045
12955  0  17045
12955  0  17045
12955  0  17045
12955  0  17045
12955  0  17045
12955  0  17045
12955  0  17045
12955  0  17045
12955  0  17045
12955  0  17045
12955  0  17045
12955  0  17045
12955  0  17045
12955  0  17045
12955  0  17045
12955  0  17045
12955  0  17045
12955  0  17045
12955  0  17045
12955  0  17045
12955  0  17045
12955  0  17045
12955  0  17045
12955  0  17045
12955  0  17045
12955  0  17045
12955  0  17045
12955  0  17045
12955  0  17045
12955  0  17045
12955  0  17045
12955  0  17045
12955  0  17045
12955  0  17045
12955  0  17045
12955  0  17045
12955  0  17045
12955  0  17045
12955  0  17045
12955  0  17045
12955  0  17045
12955  0  17045
12955  0  17045
12955  0  17045
12955  0  17045
12955  0  17045
12955  0  17045
12955  0  17045
12955  0  17045
12955  0  17045
12955  0  17045
12955  0  17045
12955  0  17045
12955  0  17045
12955  0  17045
12955  0  17045
12955  0  17045
12955  0  17045
12955  0  17045
12955  0  17045
12955  0  17045
12955  0  17045
12955  0  17045
12955  0  17045
12955  0  17045
12955  0  17045
12955  0  17045
12955  0  17045
12955  0  17045
12955  0  17045
12955  0  17045
12955  0  17045
12955  0  17045
12955  0  17045
12955  0  17045
12955  0  17045
12955  0  17045
12955  0  17045
12955  0  17045
12955  0  17045
12955  0  17045
12955  0  17045
12955  0  17045
12955  0  17045
12955  0  17045
12955  0  17045
12955  0  17045
12955  0  17045
12955  0  17045
12955  0  17045
12955  0  17045
12955  0  17045
12955  0  17045
12955  0  17045
12955  0  17045
12955  0  17045
12955  0  17045
12955  0  17045
12955  0  17045
12955  0  17045
12955  0  17045
12955  0  17045
12955  0  17045
12955  0  17045
12955  0  17045
12955  0  17045
12955  0  17045
12955  0  17045
12955  0  17045
12955  0  17045
12955  0  17045
12955  0  17045
12955  0  17045
12955  0  17045
12955  0  17045
12955  0  17045
12955  0  17045
12955  0  17045
12955  0  17045
12955  0  17045
12955  0  17045
12955  0  17045
12955  0  17045
12955  0  17045
12955  0  17045
12955  0  17045
12955  0  17045
12955  0  17045
12955  0  17045
12955  0  17045
12955  0  17045
12955  0  17045
12955  0  17045
12955  0  17045
12955  0  17045
12955  0  17045
12955  0  17045
12955  0  17045
12955  0  17045
12955  0  17045
12955  0  17045
12955  0  17045
12955  0  17045
12955  0  17045
12955  0  17045
12955  0  17045
12955  0  17045
12955  0  17045
12955  0  17045
12955  0  17045
12955  0  17045
12955  0  17045
12955  0  17045
12955  0  17045
12955  0  17045
12955  0  17045
12955  0  17045
12955  0  17045
12955  0  17045
12955  0  17045
12955  0  17045
12955  0  17045
12955  0  17045
12955  0  17045
12955  0  17045
12955  0  17045
12955  0  17045
12955  0  17045
12955  0  17045
12955  0  17045
12955  0  17045
12955  0  17045
12955  0  17045
12955  0  17045
12955  0  17045
12955  0  17045
12955  0  17045
12955  0  17045
12955  0  17045
12955  0  17045
12955  0  17045
12955  0  17045
12955  0  17045
12955  0  17045
12955  0  17045
12955  0  17045
12955  0  17045
12955  0  17045
12955  0  17045
12955  0  17045
12955  0  17045
12955  0  17045
12955  0  17045
12955  0  17045
12955  0  17045
12955  0  17045
12955  0  17045
12955  0  17045
12955  0  17045
12955  0  17045
12955  0  17045
12955  0  17045
12955  0  17045
12955  0  17045
12955  0  17045
12955  0  17045
12955  0  17045
12955  0  17045
12955  0  17045
12955  0  17045
12955  0  17045
12955  0  17045
12955  0  17045
12955  0  17045
12955  0  17045
12955  0  17045
12955  0  17045
12955  0  17045
12955  0  17045
12955  0  17045
12955  0  17045
12955  0  17045
12955  0  17045
12955  0  17045
12955  0  17045
12955  0  17045
12955  0  17045
12955  0  17045
12955  0  17045
12955  0  17045
12955  0  17045
12955  0  17045
12955  0  17045
12955  0  17045
12955  0  17045
12955  0  17045
12955  0  17045
12955  0  17045
12955  0  17045
12955  0  17045
12955  0  17045
12955  0  17045
12955  0  17045
12955  0  17045
12955  0  17045
12955  0  17045
12955  0  17045
12955  0  17045
12955  0  17045
12955  0  17045
12955  0  17045
12955  0  17045
12955  0  17045
12955  0  17045
12955  0  17045
12955  0  17045
12955  0  17045
12955  0  17045
12955  0  17045
12955  0  17045
12955  0  17045
12955  0  17045
12955  0  17045
12955  0  17045
12955  0  17045
12955  0  17045
12955  0  17045
12955  0  17045
12955  0  17045
12955  0  17045
12955  0  17045
12955  0  17045
12955  0  17045
12955  0  17045
12955  0  17045
12955  0  17045
12955  0  17045
12955  0  17045
12955  0  17045
12955  0  17045
12955  0  17045
12955  0  17045
12955  0  17045
12955  0  17045
12955  0  17045
12955  0  17045
12955  0  17045
12955  0  17045
12955  0  17045
12955  0  17045
12955  0  17045
12955  0  17045
12955  0  17045
12955  0  17045
12955  0  17045
12955  0  17045
12955  0  17045
12955  0  17045
12955  0  17045
12955  0  17045
12955  0  17045
12955  0  17045
12955  0  17045
12955  0  17045
12955  0  17045
12955  0  17045
12955  0  17045
12955  0  17045
12955  0  17045
12955  0  17045
12955  0  17045
12955  0  17045
12955  0  17045
12955  0  17045
12955  0  17045
12955  0  17045
12955  0  17045
12955  0  17045
12955  0  17045
12955  0  17045
12955  0  17045
12955  0  17045
12955  0  17045
12955  0  17045
12955  0  17045
12955  0  17045
12955  0  17045
12955  0  17045
12955  0  17045
12955  0  17045
12955  0  17045
12955  0  17045
12955  0  17045
12955  0  17045
12955  0  17045
12955  0  17045
12955  0  17045
12955  0  17045
12955  0  17045
12955  0  17045
12955  0  17045
12955  0  17045
12955  0  17045
12955  0  17045
12955  0  17045
12955  0  17045
12955  0  17045
12955  0  17045
12955  0  17045
12955  0  17045
12955  0  17045
12955  0  17045
12955  0  17045
12955  0  17045
12955  0  17045
12955  0  17045
12955  0  17045
12955  0  17045
12955  0  17045
12955  0  17045
12955  0  17045
12955  0  17045
12955  0  17045
12955  0  17045
12955  0  17045
12955  0  17045
12955  0  17045
12955  0  17045
12955  0  17045
12955  0  17045
12955  0  17045
12955  0  17045
12955  0  17045
12955  0  17045
12955  0  17045
12955  0  17045
12955  0  17045
12955  0  17045
12955  0  17045
12955  0  17045
12955  0  17045
12955  0  17045
12955  0  17045
12955  0  17045
12955  0  17045
12955  0  17045
12955  0  17045
12955  0  17045
12955  0  17045
12955  0  17045
12955  0  17045
12955  0  17045
12955  0  17045
12955  0  17045
12955  0  17045
12955  0  17045
12955  0  17045
12955  0  17045
12955  0  17045
12955  0  17045
12955  0  17045
12955  0  17045
12955  0  17045
12955  0  17045
12955  0  17045
12955  0  17045
12955  0  17045
12955  0  17045
12955  0  17045
12955  0  17045
12955  0  17045
12955  0  17045
12955  0  17045
12955  0  17045
12955  0  17045
12955  0  17045
12955  0  17045
12955  0  17045
12955  0  17045
12955  0  17045
12955  0  17045
12955  0  17045
12955  0  17045
12955  0  17045
12955  0  17045
12955  0  17045
12955  0  17045
12955  0  17045
12955  0  17045
12955  0  17045
12955  0  17045
12955  0  17045
12955  0  17045
12955  0  17045
12955  0  17045
12955  0  17045
12955  0  17045
12955  0  17045
12955  0  17045
12955  0  17045
12955  0  17045
12955  0  17045
12955  0  17045
12955  0  17045
12955  0  17045
12955  0  17045
12955  0  17045
12955  0  17045
12955  0  17045
12955  0  17045
12955  0  17045
12955  0  17045
12955  0  17045
12955  0  17045
12955  0  17045
12955  0  17045
12955  0  17045
12955  0  17045
12955  0  17045
12955  0  17045
12955  0  17045
12955  0  17045
12955  0  17045
12955  0  17045
12955  0  17045
12955  0  17045
12955  0  17045
12955  0  17045
12955  0  17045
12955  0  17045
12955  0  17045
12955  0  17045
12955  0  17045
12955  0  17045
12955  0  17045
12955  0  17045
12955  0  17045
12955  0  17045
12955  0  17045
12955  0  17045
12955  0  17045
12955  0  17045
12955  0  17045
12955  0  17045
12955  0  17045
12955  0  17045
12955  0  17045
12955  0  17045
12955  0  17045
12955  0  17045
12955  0  17045
12955  0  17045
12955  0  17045
12955  0  17045
12955  0  17045
12955  0  17045
12955  0  17045
12955  0  17045
12955  0  17045
12955  0  17045
12955  0  17045
12955  0  17045
12955  0  17045
12955  0  17045
12955  0  17045
12955  0  17045
12955  0  17045
12955  0  17045
12955  0  17045
12955  0  17045
12955  0  17045
12955  0  17045
12955  0  17045
12955  0  17045
12955  0  17045
12955  0  17045
12955  0  17045
12955  0  17045
12955  0  17045
12955  0  17045
12955  0  17045
12955  0  17045
12955  0  17045
12955  0  17045
12955  0  17045
12955  0  17045
12955  0  17045
12955  0  17045
12955  0  17045
12955  0  17045
12955  0  17045
12955  0  17045
12955  0  17045
12955  0  17045
12955  0  17045
12955  0  17045
12955  0  17045
12955  0  17045
12955  0  17045
12955  0  17045
12955  0  17045
12955  0  17045
12955  0  17045
12955  0  17045
12955  0  17045
12955  0  17045
12955  0  17045
12955  0  17045
12955  0  17045
12955  0  17045
12955  0  17045
12955  0  17045
12955  0  17045
12955  0  17045
12955  0  17045
12955  0  17045
12955  0  17045
12955  0  17045
12955  0  17045
12955  0  17045
12955  0  17045
12955  0  17045
12955  0  17045
12955  0  17045
12955  0  17045
12955  0  17045
12955  0  17045
12955  0  17045
12955  0  17045
12955  0  17045
12955  0  17045
12955  0  17045
12955  0  17045
12955  0  17045
12955  0  17045
12955  0  17045
12955  0  17045
12955  0  17045
12955  0  17045
12955  0  17045
12955  0  17045
12955  0  17045
12955  0  17045
12955  0  17045
12955  0  17045
12955  0  17045
12955  0  17045
12955  0  17045
12955  0  17045
12955  0  17045
12955  0  17045
12955  0  17045
12955  0  17045
12955  0  17045
12955  0  17045
12955  0  17045
12955  0  17045
12955  0  17045
12955  0  17045
12955  0  17045
12955  0  17045
12955  0  17045
12955  0  17045
12955  0  17045
12955  0  17045
12955  0  17045
12955  0  17045
12955  0  17045
12955  0  17045
12955  0  17045
12955  0  17045
12955  0  17045
12955  0  17045
12955  0  17045
12955  0  17045
12955  0  17045
12955  0  17045
12955  0  17045
12955  0  17045
12955  0  17045
12955  0  17045
12955  0  17045
12955  0  17045
12955  0  17045
12955  0  17045
12955  0  17045
12955  0  17045
12955  0  17045
12955  0  17045
12955  0  17045
12955  0  17045
12955  0  17045
12955  0  17045
12955  0  17045
12955  0  17045
12955  0  17045
12955  0  17045
12955  0  17045
12955  0  17045
12955  0  17045
12955  0  17045
12955  0  17045
12955  0  17045
12955  0  17045
12955  0  17045
12955  0  17045
12955  0  17045
12955  0  17045
12955  0  17045
12955  0  17045
12955  0  17045
12955  0  17045
12955  0  17045
12955  0  17045
12955  0  17045
12955  0  17045
12955  0  17045
12955  0  17045
12955  0  17045
12955  0  17045
12955  0  17045
12955  0  17045
12955  0  17045
12955  0  17045
12955  0  17045
12955  0  17045
12955  0  17045
12955  0  17045
12955  0  17045
12955  0  17045
12955  0  17045
12955  0  17045
12955  0  17045
12955  0  17045
12955  0  17045
12955  0  17045
12955  0  17045
12955  0  17045
12955  0  17045
12955  0  17045
12955  0  17045
12955  0  17045
12955  0  17045
12955  0  17045
12955  0  17045
12955  0  17045
12955  0  17045
12955  0  17045
12955  0  17045
12955  0  17045
12955  0  17045
12955  0  17045
12955  0  17045
12955  0  17045
12955  0  17045
12955  0  17045
12955  0  17045
12955  0  17045
12955  0  17045
12955  0  17045
12955  0  17045
12955  0  17045
12955  0  17045
12955  0  17045
12955  0  17045
12955  0  17045
12955  0  17045
12955  0  17045
12955  0  17045
12955  0  17045
12955  0  17045
12955  0  17045
12955  0  17045
12955  0  17045
12955  0  17045
12955  0  17045
12955  0  17045
12955  0  17045
12955  0  17045
12955  0  17045
12955  0  17045
12955  0  17045
12955  0  17045
12955  0  17045
12955  0  17045
12955  0  17045
12955  0  17045
12955  0  17045
12955  0  17045
12955  0  17045
12955  0  17045
12955  0  17045
12955  0  17045
12955  0  17045
12955  0  17045
12955  0  17045
12955  0  17045
12955  0  17045
12955  0  17045
12955  0  17045
12955  0  17045
12955  0  17045
12955  0  17045
12955  0  17045
12955  0  17045
12955  0  17045
12955  0  17045
12955  0  17045
12955  0  17045
12955  0  17045
12955  0  17045
12955  0  17045
12955  0  17045
12955  0  17045
12955  0  17045
12955  0  17045
12955  0  17045
12955  0  17045
12955  0  17045
12955  0  17045
12955  0  17045
12955  0  17045
12955  0  17045
12955  0  17045
12955  0  17045
12955  0  17045
12955  0  17045
12955  0  17045
12955  0  17045
12955  0  17045
12955  0  17045
12955  0  17045
12955  0  17045
12955  0  17045
12955  0  17045
12955  0  17045
12955  0  17045
12955  0  17045
12955  0  17045
12955  0  17045
12955  0  17045
12955  0  17045
12955  0  17045
12955  0  17045
12955  0  17045
12955  0  17045
12955  0  17045
12955  0  17045
12955  0  17045
12955  0  17045
12955  0  17045
12955  0  17045
12955  0  17045
12955  0  17045
12955  0  17045
12955  0  17045
12955  0  17045
12955  0  17045
12955  0  17045
12955  0  17045
12955  0  17045
12955  0  17045
12955  0  17045
12955  0  17045
12955  0  17045
12955  0  17045
12955  0  17045
12955  0  17045
12955  0  17045
12955  0  17045
12955  0  17045
12955  0  17045
12955  0  17045
12955  0  17045
12955  0  17045
12955  0  17045
12955  0  17045
12955  0  17045
12955  0  17045
12955  0  17045
12955  0  17045
12955  0  17045
12955  0  17045
12955  0  17045
12955  0  17045
12955  0  17045
12955  0  17045
12955  0  17045
12955  0  17045
12955  0  17045
12955  0  17045
12955  0  17045
12955  0  17045
12955  0  17045
12955  0  17045
12955  0  17045
12955  0  17045
12955  0  17045
12955  0  17045
12955  0  17045
12955  0  17045
12955  0  17045
12955  0  17045
12955  0  17045
12955  0  17045
12955  0  17045
12955  0  17045
12955  0  17045
12955  0  17045
12955  0  17045
12955  0  17045
12955  0  17045
12955  0  17045
12955  0  17045
12955  0  17045
12955  0  17045
12955  0  17045
12955  0  17045
12955  0  17045
12955  0  17045
12955  0  17045
12955  0  17045
12955  0  17045
12955  0  17045
12955  0  17045
12955  0  17045
12955  0  17045
12955  0  17045
12955  0  17045
12955  0  17045
12955  0  17045
12955  0  17045
12955  0  17045
12955  0  17045
12955  0  17045
12955  0  17045
12955  0  17045
12955  0  17045
12955  0  17045
12955  0  17045
12955  0  17045
12955  0  17045
12955  0  17045
12955  0  17045
12955  0  17045
12955  0  17045
12955  0  17045
12955  0  17045
12955  0  17045
12955  0  17045
12955  0  17045
12955  0  17045
12955  0  17045
12955  0  17045
12955  0  17045
12955  0  17045
12955  0  17045
12955  0  17045
12955  0  17045
12955  0  17045
12955  0  17045
12955  0  17045
12955  0  17045
12955  0  17045
12955  0  17045
12955  0  17045
12955  0  17045
12955  0  17045
12955  0  17045
12955  0  17045
12955  0  17045
12955  0  17045
12955  0  17045
12955  0  17045
12955  0  17045
12955  0  17045
12955  0  17045
12955  0  17045
12955  0  17045
12955  0  17045
12955  0  17045
12955  0  17045
12955  0  17045
12955  0  17045
12955  0  17045
12955  0  17045
12955  0  17045
12955  0  17045
12955  0  17045
12955  0  17045
12955  0  17045
12955  0  17045
12955  0  17045
12955  0  17045
12955  0  17045
12955  0  17045
12955  0  17045
12955  0  17045
12955  0  17045
12955  0  17045
12955  0  17045
12955  0  17045
12955  0  17045
12955  0  17045
12955  0  17045
12955  0  17045
12955  0  17045
12955  0  17045
12955  0  17045
12955  0  17045
12955  0  17045
12955  0  17045
12955  0  17045
12955  0  17045
12955  0  17045
12955  0  17045
12955  0  17045
12955  0  17045
12955  0  17045
12955  0  17045
12955  0  17045
12955  0  17045
12955  0  17045
12955  0  17045
12955  0  17045
12955  0  17045
12955  0  17045
12955  0  17045
12955  0  17045
12955  0  17045
12955  0  17045
12955  0  17045
12955  0  17045
12955  0  17045
12955  0  17045
12955  0  17045
12955  0  17045
12955  0  17045
12955  0  17045
12955  0  17045
12955  0  17045
12955  0  17045
12955  0  17045
12955  0  17045
12955  0  17045
12955  0  17045
12955  0  17045
12955  0  17045
12955  0  17045
12955  0  17045
12955  0  17045
12955  0  17045
12955  0  17045
12955  0  17045
12955  0  17045
12955  0  17045
12955  0  17045
12955  0  17045
12955  0  17045
12955  0  17045
12955  0  17045
12955  0  17045
12955  0  17045
12955  0  17045
12955  0  17045
12955  0  17045
12955  0  17045
12955  0  17045
12955  0  17045
12955  0  17045
12955  0  17045
12955  0  17045
12955  0  17045
12955  0  17045
12955  0  17045
12955  0  17045
12955  0  17045
12955  0  17045
12955  0  17045
12955  0  17045
12955  0  17045
12955  0  17045
12955  0  17045
12955  0  17045
12955  0  17045
12955  0  17045
12955  0  17045
12955  0  17045
12955  0  17045
12955  0  17045
12955  0  17045
12955  0  17045
12955  0  17045
12955  0  17045
12955  0  17045
12955  0  17045
12955  0  17045
12955  0  17045
12955  0  17045
12955  0  17045
12955  0  17045
12955  0  17045
12955  0  17045
12955  0  17045
12955  0  17045
12955  0  17045
12955  0  17045
12955  0  17045
12955  0  17045
12955  0  17045
12955  0  17045
12955  0  17045
12955  0  17045
12955  0  17045
12955  0  17045
12955  0  17045
12955  0  17045
12955  0  17045
12955  0  17045
12955  0  17045
12955  0  17045
12955  0  17045
12955  0  17045
12955  0  17045
12955  0  17045
12955  0  17045
12955  0  17045
12955  0  17045
12955  0  17045
12955  0  17045
12955  0  17045
12955  0  17045
12955  0  17045
12955  0  17045
12955  0  17045
12955  0  17045
12955  0  17045
12955  0  17045
12955  0  17045
12955  0  17045
12955  0  17045
12955  0  17045
12955  0  17045
12955  0  17045
12955  0  17045
12955  0  17045
12955  0  17045
12955  0  17045
12955  0  17045
12955  0  17045
12955  0  17045
12955  0  17045
12955  0  17045
12955  0  17045
12955  0  17045
12955  0  17045
12955  0  17045
12955  0  17045
12955  0  17045
12955  0  17045
12955  0  17045
12955  0  17045
12955  0  17045
12955  0  17045
12955  0  17045
12955  0  17045
12955  0  17045
12955  0  17045
12955  0  17045
12955  0  17045
12955  0  17045
12955  0  17045
12955  0  17045
12955  0  17045
12955  0  17045
12955  0  17045
12955  0  17045
12955  0  17045
12955  0  17045
12955  0  17045
12955  0  17045
12955  0  17045
12955  0  17045
12955  0  17045
12955  0  17045
12955  0  17045
12955  0  17045
12955  0  17045
12955  0  17045
12955  0  17045
12955  0  17045
12955  0  17045
12955  0  17045
12955  0  17045
12955  0  17045
12955  0  17045
12955  0  17045
12955  0  17045
12955  0  17045
12955  0  17045
12955  0  17045
12955  0  17045
12955  0  17045
12955  0  17045
12955  0  17045
12955  0  17045
12955  0  17045
12955  0  17045
12955  0  17045
12955  0  17045
12955  0  17045
12955  0  17045
12955  0  17045
12955  0  17045
12955  0  17045
12955  0  17045
12955  0  17045
12955  0  17045
12955  0  17045
12955  0  17045
12955  0  17045
12955  0  17045
12955  0  17045
12955  0  17045
12955  0  17045
12955  0  17045
12955  0  17045
12955  0  17045
12955  0  17045
12955  0  17045
12955  0  17045
12955  0  17045
12955  0  17045
12955  0  17045
12955  0  17045
12955  0  17045
12955  0  17045
12955  0  17045
12955  0  17045
12955  0  17045
12955  0  17045
12955  0  17045
12955  0  17045
12955  0  17045
12955  0  17045
12955  0  17045
12955  0  17045
12955  0  17045
12955  0  17045
12955  0  17045
12955  0  17045
12955  0  17045
12955  0  17045
12955  0  17045
12955  0  17045
12955  0  17045
12955  0  17045
12955  0  17045
12955  0  17045
12955  0  17045
12955  0  17045
12955  0  17045
12955  0  17045
12955  0  17045
12955  0  17045
12955  0  17045
12955  0  17045
12955  0  17045
12955  0  17045
12955  0  17045
12955  0  17045
12955  0  17045
12955  0  17045
12955  0  17045
12955  0  17045
12955  0  17045
12955  0  17045
12955  0  17045
12955  0  17045
12955  0  17045
12955  0  17045
12955  0  17045
12955  0  17045
12955  0  17045
12955  0  17045
12955  0  17045
12955  0  17045
12955  0  17045
12955  0  17045
12955  0  17045
12955  0  17045
12955  0  17045
12955  0  17045
12955  0  17045
12955  0  17045
12955  0  17045
12955  0  17045
12955  0  17045
12955  0  17045
12955  0  17045
12955  0  17045
12955  0  17045
12955  0  17045
12955  0  17045
12955  0  17045
12955  0  17045
12955  0  17045
12955  0  17045
12955  0  17045
12955  0  17045
12955  0  17045
12955  0  17045
12955  0  17045
12955  0  17045
12955  0  17045
12955  0  17045
12955  0  17045
12955  0  17045
12955  0  17045
12955  0  17045
12955  0  17045
12955  0  17045
12955  0  17045
12955  0  17045
12955  0  17045
12955  0  17045
12955  0  17045
12955  0  17045
12955  0  17045
12955  0  17045
12955  0  17045
12955  0  17045
12955  0  17045
12955  0  17045
12955  0  17045
12955  0  17045
12955  0  17045
12955  0  17045
12955  0  17045
12955  0  17045
12955  0  17045
12955  0  17045
12955  0  17045
12955  0  17045
12955  0  17045
12955  0  17045
12955  0  17045
12955  0  17045
12955  0  17045
12955  0  17045
12955  0  17045
12955  0  17045
12955  0  17045
12955  0  17045
12955  0  17045
12955  0  17045
12955  0  17045
12955  0  17045
12955  0  17045
12955  0  17045
12955  0  17045
12955  0  17045
12955  0  17045
12955  0  17045
12955  0  17045
12955  0  17045
12955  0  17045
12955  0  17045
12955  0  17045
12955  0  17045
12955  0  17045
12955  0  17045
12955  0  17045
12955  0  17045
12955  0  17045
12955  0  17045
12955  0  17045
12955  0  17045
12955  0  17045
12955  0  17045
12955  0  17045
12955  0  17045
12955  0  17045
12955  0  17045
12955  0  17045
12955  0  17045
12955  0  17045
12955  0  17045
12955  0  17045
12955  0  17045
12955  0  17045
12955  0  17045
12955  0  17045
12955  0  17045
12955  0  17045
12955  0  17045
12955  0  17045
12955  0  17045
12955  0  17045
12955  0  17045
12955  0  17045
12955  0  17045
12955  0  17045
12955  0  17045
12955  0  17045
12955  0  17045
12955  0  17045
12955  0  17045
12955  0  17045
12955  0  17045
12955  0  17045
12955  0  17045
12955  0  17045
12955  0  17045
12955  0  17045
12955  0  17045
12955  0  17045
12955  0  17045
12955  0  17045
12955  0  17045
12955  0  17045
12955  0  17045
12955  0  17045
12955  0  17045
12955  0  17045
12955  0  17045
12955  0  17045
12955  0  17045
12955  0  17045
12955  0  17045
12955  0  17045
12955  0  17045
12955  0  17045
12955  0  17045
12955  0  17045
12955  0  17045
12955  0  17045
12955  0  17045
12955  0  17045
12955  0  17045
12955  0  17045
12955  0  17045
12955  0  17045
12955  0  17045
12955  0  17045
12955  0  17045
12955  0  17045
12955  0  17045
12955  0  17045
12955  0  17045
12955  0  17045
12955  0  17045
12955  0  17045
12955  0  17045
12955  0  17045
12955  0  17045
12955  0  17045
12955  0  17045
12955  0  17045
12955  0  17045
12955  0  17045
12955  0  17045
12955  0  17045
12955  0  17045
12955  0  17045
12955  0  17045
12955  0  17045
12955  0  17045
12955  0  17045
12955  0  17045
12955  0  17045
12955  0  17045
12955  0  17045
12955  0  17045
12955  0  17045
12955  0  17045
12955  0  17045
12955  0  17045
12955  0  17045
12955  0  17045
12955  0  17045
12955  0  17045
12955  0  17045
12955  0  17045
12955  0  17045
12955  0  17045
12955  0  17045
12955  0  17045
12955  0  17045
12955  0  17045
12955  0  17045
12955  0  17045
12955  0  17045
12955  0  17045
12955  0  17045
12955  0  17045
12955  0  17045
12955  0  17045
12955  0  17045
12955  0  17045
12955  0  17045
12955  0  17045
12955  0  17045
12955  0  17045
12955  0  17045
12955  0  17045
12955  0  17045
12955  0  17045
12955  0  17045
12955  0  17045
12955  0  17045
12955  0  17045
12955  0  17045
12955  0  17045
12955  0  17045
12955  0  17045
12955  0  17045
12955  0  17045
12955  0  17045
12955  0  17045
12955  0  17045
12955  0  17045
12955  0  17045
12955  0  17045
12955  0  17045
12955  0  17045
12955  0  17045
12955  0  17045
12955  0  17045
12955  0  17045
12955  0  17045
12955  0  17045
12955  0  17045
12955  0  17045
12955  0  17045
12955  0  17045
12955  0  17045
12955  0  17045
12955  0  17045
12955  0  17045
12955  0  17045
12955  0  17045
12955  0  17045
12955  0  17045
12955  0  17045
12955  0  17045
12955  0  17045
12955  0  17045
12955  0  17045
12955  0  17045
12955  0  17045
12955  0  17045
12955  0  17045
12955  0  17045
12955  0  17045
12955  0  17045
12955  0  17045
12955  0  17045
12955  0  17045
12955  0  17045
12955  0  17045
12955  0  17045
12955  0  17045
12955  0  17045
12955  0  17045
12955  0  17045
12955  0  17045
12955  0  17045
12955  0  17045
12955  0  17045
12955  0  17045
12955  0  17045
12955  0  17045
12955  0  17045
12955  0  17045
12955  0  17045
12955  0  17045
12955  0  17045
12955  0  17045
12955  0  17045
12955  0  17045
12955  0  17045
12955  0  17045
12955  0  17045
12955  0  17045
12955  0  17045
12955  0  17045
12955  0  17045
12955  0  17045
12955  0  17045
12955  0  17045
12955  0  17045
12955  0  17045
12955  0  17045
12955  0  17045
12955  0  17045
12955  0  17045
12955  0  17045
12955  0  17045
12955  0  17045
12955  0  17045
12955  0  17045
12955  0  17045
12955  0  17045
12955  0  17045
12955  0  17045
12955  0  17045
12955  0  17045
12955  0  17045
12955  0  17045
12955  0  17045
12955  0  17045
12955  0  17045
12955  0  17045
12955  0  17045
12955  0  17045
12955  0  17045
12955  0  17045
12955  0  17045
12955  0  17045
12955  0  17045
12955  0  17045
12955  0  17045
12955  0  17045
12955  0  17045
12955  0  17045
12955  0  17045
12955  0  17045
12955  0  17045
12955  0  17045
12955  0  17045
12955  0  17045
12955  0  17045
12955  0  17045
12955  0  17045
12955  0  17045
12955  0  17045
12955  0  17045
12955  0  17045
12955  0  17045
12955  0  17045
12955  0  17045
12955  0  17045
12955  0  17045
12955  0  17045
12955  0  17045
12955  0  17045
12955  0  17045
12955  0  17045
12955  0  17045
12955  0  17045
12955  0  17045
12955  0  17045
12955  0  17045
12955  0  17045
12955  0  17045
12955  0  17045
12955  0  17045
12955  0  17045
12955  0  17045
12955  0  17045
12955  0  17045
12955  0  17045
12955  0  17045
12955  0  17045
12955  0  17045
12955  0  17045
12955  0  17045
12955  0  17045
12955  0  17045
12955  0  17045
12955  0  17045
12955  0  17045
12955  0  17045
12955  0  17045
12955  0  17045
12955  0  17045
12955  0  17045
12955  0  17045
12955  0  17045
12955  0  17045
12955  0  17045
12955  0  17045
12955  0  17045
12955  0  17045
12955  0  17045
12955  0  17045
12955  0  17045
12955  0  17045
12955  0  17045
12955  0  17045
12955  0  17045
12955  0  17045
12955  0  17045
12955  0  17045
12955  0  17045
12955  0  17045
12955  0  17045
12955  0  17045
12955  0  17045
12955  0  17045
12955  0  17045
12955  0  17045
12955  0  17045
12955  0  17045
12955  0  17045
12955  0  17045
12955  0  17045
12955  0  17045
12955  0  17045
12955  0  17045
12955  0  17045
12955  0  17045
12955  0  17045
12955  0  17045
12955  0  17045
12955  0  17045
12955  0  17045
12955  0  17045
12955  0  17045
12955  0  17045
12955  0  17045
12955  0  17045
12955  0  17045
12955  0  17045
12955  0  17045
12955  0  17045
12955  0  17045
12955  0  17045
12955  0  17045
12955  0  17045
12955  0  17045
12955  0  17045
12955  0  17045
12955  0  17045
12955  0  17045
12955  0  17045
12955  0  17045
12955  0  17045
12955  0  17045
12955  0  17045
12955  0  17045
12955  0  17045
12955  0  17045
12955  0  17045
12955  0  17045
12955  0  17045
12955  0  17045
12955  0  17045
12955  0  17045
12955  0  17045
12955  0  17045
12955  0  17045
12955  0  17045
12955  0  17045
12955  0  17045
12955  0  17045
12955  0  17045
12955  0  17045
12955  0  17045
12955  0  17045
12955  0  17045
12955  0  17045
12955  0  17045
12955  0  17045
12955  0  17045
12955  0  17045
12955  0  17045
12955  0  17045
12955  0  17045
12955  0  17045
12955  0  17045
12955  0  17045
12955  0  17045
12955  0  17045
12955  0  17045
12955  0  17045
12955  0  17045
12955  0  17045
12955  0  17045
12955  0  17045
12955  0  17045
12955  0  17045
12955  0  17045
12955  0  17045
12955  0  17045
12955  0  17045
12955  0  17045
12955  0  17045
12955  0  17045
12955  0  17045
12955  0  17045
12955  0  17045
12955  0  17045
12955  0  17045
12955  0  17045
12955  0  17045
12955  0  17045
12955  0  17045
12955  0  17045
12955  0  17045
12955  0  17045
12955  0  17045
12955  0  17045
12955  0  17045
12955  0  17045
12955  0  17045
12955  0  17045
12955  0  17045
12955  0  17045
12955  0  17045
12955  0  17045
12955  0  17045
12955  0  17045
12955  0  17045
12955  0  17045
12955  0  17045
12955  0  17045
12955  0  17045
12955  0  17045
12955  0  17045
12955  0  17045
12955  0  17045
12955  0  17045
12955  0  17045
12955  0  17045
12955  0  17045
12955  0  17045
12955  0  17045
12955  0  17045
12955  0  17045
12955  0  17045
12955  0  17045
12955  0  17045
12955  0  17045
12955  0  17045
12955  0  17045
12955  0  17045
12955  0  17045
12955  0  17045
12955  0  17045
12955  0  17045
12955  0  17045
12955  0  17045
12955  0  17045
12955  0  17045
12955  0  17045
12955  0  17045
12955  0  17045
12955  0  17045
12955  0  17045
12955  0  17045
12955  0  17045
12955  0  17045
12955  0  17045
12955  0  17045
12955  0  17045
12955  0  17045
12955  0  17045
12955  0  17045
12955  0  17045
12955  0  17045
12955  0  17045
12955  0  17045
12955  0  17045
12955  0  17045
12955  0  17045
12955  0  17045
12955  0  17045
12955  0  17045
12955  0  17045
12955  0  17045
12955  0  17045
12955  0  17045
12955  0  17045
12955  0  17045
12955  0  17045
12955  0  17045
12955  0  17045
12955  0  17045
12955  0  17045
12955  0  17045
12955  0  17045
12955  0  17045
12955  0  17045
12955  0  17045
12955  0  17045
12955  0  17045
12955  0  17045
12955  0  17045
12955  0  17045
12955  0  17045
12955  0  17045
12955  0  17045
12955  0  17045
12955  0  17045
12955  0  17045
12955  0  17045
12955  0  17045
12955  0  17045
12955  0  17045
12955  0  17045
12955  0  17045
12955  0  17045
12955  0  17045
12955  0  17045
12955  0  17045
12955  0  17045
12955  0  17045
12955  0  17045
12955  0  17045
12955  0  17045
12955  0  17045
12955  0  17045
12955  0  17045
12955  0  17045
12955  0  17045
12955  0  17045
12955  0  17045
12955  0  17045
12955  0  17045
12955  0  17045
12955  0  17045
12955  0  17045
12955  0  17045
12955  0  17045
12955  0  17045
12955  0  17045
12955  0  17045
12955  0  17045
12955  0  17045
12955  0  17045
12955  0  17045
12955  0  17045
12955  0  17045
12955  0  17045
12955  0  17045
12955  0  17045
12955  0  17045
12955  0  17045
12955  0  17045
12955  0  17045
12955  0  17045
12955  0  17045
12955  0  17045
12955  0  17045
12955  0  17045
12955  0  17045
12955  0  17045
12955  0  17045
12955  0  17045
12955  0  17045
12955  0  17045
12955  0  17045
12955  0  17045
12955  0  17045
12955  0  17045
12955  0  17045
12955  0  17045
12955  0  17045
12955  0  17045
12955  0  17045
12955  0  17045
12955  0  17045
12955  0  17045
12955  0  17045
12955  0  17045
12955  0  17045
12955  0  17045
12955  0  17045
12955  0  17045
12955  0  17045
12955  0  17045
12955  0  17045
12955  0  17045
12955  0  17045
12955  0  17045
12955  0  17045
12955  0  17045
12955  0  17045
12955  0  17045
12955  0  17045
12955  0  17045
12955  0  17045
12955  0  17045
12955  0  17045
12955  0  17045
12955  0  17045
12955  0  17045
12955  0  17045
12955  0  17045
12955  0  17045
12955  0  17045
12955  0  17045
12955  0  17045
12955  0  17045
12955  0  17045
12955  0  17045
12955  0  17045
12955  0  17045
12955  0  17045
12955  0  17045
12955  0  17045
12955  0  17045
12955  0  17045
12955  0  17045
12955  0  17045
12955  0  17045
12955  0  17045
12955  0  17045
12955  0  17045
12955  0  17045
12955  0  17045
12955  0  17045
12955  0  17045
12955  0  17045
12955  0  17045
12955  0  17045
12955  0  17045
12955  0  17045
12955  0  17045
12955  0  17045
12955  0  17045
12955  0  17045
12955  0  17045
12955  0  17045
12955  0  17045
12955  0  17045
12955  0  17045
12955  0  17045
12955  0  17045
12955  0  17045
12955  0  17045
12955  0  17045
12955  0  17045
12955  0  17045
12955  0  17045
12955  0  17045
12955  0  17045
12955  0  17045
12955  0  17045
12955  0  17045
12955  0  17045
12955  0  17045
12955  0  17045
12955  0  17045
12955  0  17045
12955  0  17045
12955  0  17045
12955  0  17045
12955  0  17045
12955  0  17045
12955  0  17045
12955  0  17045
12955  0  17045
12955  0  17045
12955  0  17045
12955  0  17045
12955  0  17045
12955  0  17045
12955  0  17045
12955  0  17045
12955  0  17045
12955  0  17045
12955  0  17045
12955  0  17045
12955  0  17045
12955  0  17045
12955  0  17045
12955  0  17045
12955  0  17045
12955  0  17045
12955  0  17045
12955  0  17045
12955  0  17045
12955  0  17045
12955  0  17045
12955  0  17045
12955  0  17045
12955  0  17045
12955  0  17045
12955  0  17045
12955  0  17045
12955  0  17045
12955  0  17045
12955  0  17045
12955  0  17045
12955  0  17045
12955  0  17045
12955  0  17045
12955  0  17045
12955  0  17045
12955  0  17045
12955  0  17045
12955  0  17045
12955  0  17045
12955  0  17045
12955  0  17045
12955  0  17045
12955  0  17045
12955  0  17045
12955  0  17045
12955  0  17045
12955  0  17045
12955  0  17045
12955  0  17045
12955  0  17045
12955  0  17045
12955  0  17045
12955  0  17045
12955  0  17045
12955  0  17045
12955  0  17045
12955  0  17045
12955  0  17045
12955  0  17045
12955  0  17045
12955  0  17045
12955  0  17045
12955  0  17045
12955  0  17045
12955  0  17045
12955  0  17045
12955  0  17045
12955  0  17045
12955  0  17045
12955  0  17045
12955  0  17045
12955  0  17045
12955  0  17045
12955  0  17045
12955  0  17045
12955  0  17045
12955  0  17045
12955  0  17045
12955  0  17045
12955  0  17045
12955  0  17045
12955  0  17045
12955  0  17045
12955  0  17045
12955  0  17045
12955  0  17045
12955  0  17045
12955  0  17045
12955  0  17045
12955  0  17045
12955  0  17045
12955  0  17045
12955  0  17045
12955  0  17045
12955  0  17045
12955  0  17045
12955  0  17045
12955  0  17045
12955  0  17045
12955  0  17045
12955  0  17045
12955  0  17045
12955  0  17045
12955  0  17045
12955  0  17045
12955  0  17045
12955  0  17045
12955  0  17045
12955  0  17045
12955  0  17045
12955  0  17045
12955  0  17045
12955  0  17045
12955  0  17045
12955  0  17045
12955  0  17045
12955  0  17045
12955  0  17045
12955  0  17045
12955  0  17045
12955  0  17045
12955  0  17045
12955  0  17045
12955  0  17045
12955  0  17045
12955  0  17045
12955  0  17045
12955  0  17045
12955  0  17045
12955  0  17045
12955  0  17045
12955  0  17045
12955  0  17045
12955  0  17045
12955  0  17045
12955  0  17045
12955  0  17045
12955  0  17045
12955  0  17045
12955  0  17045
12955  0  17045
12955  0  17045
12955  0  17045
12955  0  17045
12955  0  17045
12955  0  17045
12955  0  17045
12955  0  17045
12955  0  17045
12955  0  17045
12955  0  17045
12955  0  17045
12955  0  17045
12955  0  17045
12955  0  17045
12955  0  17045
12955  0  17045
12955  0  17045
12955  0  17045
12955  0  17045
12955  0  17045
12955  0  17045
12955  0  17045
12955  0  17045
12955  0  17045
12955  0  17045
12955  0  17045
12955  0  17045
12955  0  17045
12955  0  17045
12955  0  17045
12955  0  17045
12955  0  17045
12955  0  17045
12955  0  17045
12955  0  17045
12955  0  17045
12955  0  17045
12955  0  17045
12955  0  17045
12955  0  17045
12955  0  17045
12955  0  17045
12955  0  17045
12955  0  17045
12955  0  17045
12955  0  17045
12955  0  17045
12955  0  17045
12955  0  17045
12955  0  17045
12955  0  17045
12955  0  17045
12955  0  17045
12955  0  17045
12955  0  17045
12955  0  17045
12955  0  17045
12955  0  17045
12955  0  17045
12955  0  17045
12955  0  17045
12955  0  17045
12955  0  17045
12955  0  17045
12955  0  17045
12955  0  17045
12955  0  17045
12955  0  17045
12955  0  17045
12955  0  17045
12955  0  17045
12955  0  17045
12955  0  17045
12955  0  17045
12955  0  17045
12955  0  17045
12955  0  17045
12955  0  17045
12955  0  17045
12955  0  17045
12955  0  17045
12955  0  17045
12955  0  17045
12955  0  17045
12955  0  17045
12955  0  17045
12955  0  17045
12955  0  17045
12955  0  17045
12955  0  17045
12955  0  17045
12955  0  17045
12955  0  17045
12955  0  17045
12955  0  17045
12955  0  17045
12955  0  17045
12955  0  17045
12955  0  17045
12955  0  17045
12955  0  17045
12955  0  17045
12955  0  17045
12955  0  17045
12955  0  17045
12955  0  17045
12955  0  17045
12955  0  17045
12955  0  17045
12955  0  17045
12955  0  17045
12955  0  17045
12955  0  17045
12955  0  17045
12955  0  17045
12955  0  17045
12955  0  17045
12955  0  17045
12955  0  17045
12955  0  17045
12955  0  17045
12955  0  17045
12955  0  17045
12955  0  17045
12955  0  17045
12955  0  17045
12955  0  17045
12955  0  17045
12955  0  17045
12955  0  17045
12955  0  17045
12955  0  17045
12955  0  17045
12955  0  17045
12955  0  17045
12955  0  17045
12955  0  17045
12955  0  17045
12955  0  17045
12955  0  17045
12955  0  17045
12955  0  17045
12955  0  17045
12955  0  17045
12955  0  17045
12955  0  17045
12955  0  17045
12955  0  17045
12955  0  17045
12955  0  17045
12955  0  17045
12955  0  17045
12955  0  17045
12955  0  17045
12955  0  17045
12955  0  17045
12955  0  17045
12955  0  17045
12955  0  17045
12955  0  17045
12955  0  17045
12955  0  17045
12955  0  17045
12955  0  17045
12955  0  17045
12955  0  17045
12955  0  17045
12955  0  17045
12955  0  17045
12955  0  17045
12955  0  17045
12955  0  17045
12955  0  17045
12955  0  17045
12955  0  17045
12955  0  17045
12955  0  17045
12955  0  17045
12955  0  17045
12955  0  17045
12955  0  17045
12955  0  17045
12955  0  17045
12955  0  17045
12955  0  17045
12955  0  17045
12955  0  17045
12955  0  17045
12955  0  17045
12955  0  17045
12955  0  17045
12955  0  17045
12955  0  17045
12955  0  17045
12955  0  17045
12955  0  17045
12955  0  17045
12955  0  17045
12955  0  17045
12955  0  17045
12955  0  17045
12955  0  17045
12955  0  17045
12955  0  17045
12955  0  17045
12955  0  17045
12955  0  17045
12955  0  17045
12955  0  17045
12955  0  17045
12955  0  17045
12955  0  17045
12955  0  17045
12955  0  17045
12955  0  17045
12955  0  17045
12955  0  17045
12955  0  17045
12955  0  17045
12955  0  17045
12955  0  17045
12955  0  17045
12955  0  17045
12955  0  17045
12955  0  17045
12955  0  17045
12955  0  17045
12955  0  17045
12955  0  17045
12955  0  17045
12955  0  17045
12955  0  17045
12955  0  17045
12955  0  17045
12955  0  17045
12955  0  17045
12955  0  17045
12955  0  17045
12955  0  17045
12955  0  17045
12955  0  17045
12955  0  17045
12955  0  17045
12955  0  17045
12955  0  17045
12955  0  17045
12955  0  17045
12955  0  17045
12955  0  17045
12955  0  17045
12955  0  17045
12955  0  17045
12955  0  17045
12955  0  17045
12955  0  17045
12955  0  17045
12955  0  17045
12955  0  17045
12955  0  17045
12955  0  17045
12955  0  17045
12955  0  17045
12955  0  17045
12955  0  17045
12955  0  17045
12955  0  17045
12955  0  17045
12955  0  17045
12955  0  17045
12955  0  17045
12955  0  17045
12955  0  17045
12955  0  17045
12955  0  17045
12955  0  17045
12955  0  17045
12955  0  17045
12955  0  17045
12955  0  17045
12955  0  17045
12955  0  17045
12955  0  17045
12955  0  17045
12955  0  17045
12955  0  17045
12955  0  17045
12955  0  17045
12955  0  17045
12955  0  17045
12955  0  17045
12955  0  17045
12955  0  17045
12955  0  17045
12955  0  17045
12955  0  17045
12955  0  17045
12955  0  17045
12955  0  17045
12955  0  17045
12955  0  17045
12955  0  17045
12955  0  17045
12955  0  17045
12955  0  17045
12955  0  17045
12955  0  17045
12955  0  17045
12955  0  17045
12955  0  17045
12955  0  17045
12955  0  17045
12955  0  17045
12955  0  17045
12955  0  17045
12955  0  17045
12955  0  17045
12955  0  17045
12955  0  17045
12955  0  17045
12955  0  17045
12955  0  17045
12955  0  17045
12955  0  17045
12955  0  17045
12955  0  17045
12955  0  17045
12955  0  17045
12955  0  17045
12955  0  17045
12955  0  17045
12955  0  17045
12955  0  17045
12955  0  17045
12955  0  17045
12955  0  17045
12955  0  17045
12955  0  17045
12955  0  17045
12955  0  17045
12955  0  17045
12955  0  17045
12955  0  17045
12955  0  17045
12955  0  17045
12955  0  17045
12955  0  17045
12955  0  17045
12955  0  17045
12955  0  17045
12955  0  17045
12955  0  17045
12955  0  17045
12955  0  17045
12955  0  17045
12955  0  17045
12955  0  17045
12955  0  17045
12955  0  17045
12955  0  17045
12955  0  17045
12955  0  17045
12955  0  17045
12955  0  17045
12955  0  17045
12955  0  17045
12955  0  17045
12955  0  17045
12955  0  17045
12955  0  17045
12955  0  17045
12955  0  17045
12955  0  17045
12955  0  17045
12955  0  17045
12955  0  17045
12955  0  17045
12955  0  17045
12955  0  17045
12955  0  17045
12955  0  17045
12955  0  17045
12955  0  17045
12955  0  17045
12955  0  17045
12955  0  17045
12955  0  17045
12955  0  17045
12955  0  17045
12955  0  17045
12955  0  17045
12955  0  17045
12955  0  17045
12955  0  17045
12955  0  17045
12955  0  17045
12955  0  17045
12955  0  17045
12955  0  17045
12955  0  17045
12955  0  17045
12955  0  17045
12955  0  17045
12955  0  17045
12955  0  17045
12955  0  17045
12955  0  17045
12955  0  17045
12955  0  17045
12955  0  17045
12955  0  17045
12955  0  17045
12955  0  17045
12955  0  17045
12955  0  17045
12955  0  17045
12955  0  17045
12955  0  17045
12955  0  17045
12955  0  17045
12955  0  17045
12955  0  17045
12955  0  17045
12955  0  17045
12955  0  17045
12955  0  17045
12955  0  17045
12955  0  17045
12955  0  17045
12955  0  17045
12955  0  17045
12955  0  17045
12955  0  17045
12955  0  17045
12955  0  17045
12955  0  17045
12955  0  17045
12955  0  17045
12955  0  17045
12955  0  17045
12955  0  17045
12955  0  17045
12955  0  17045
12955  0  17045
12955  0  17045
12955  0  17045
12955  0  17045
12955  0  17045
12955  0  17045
12955  0  17045
12955  0  17045
12955  0  17045
12955  0  17045
12955  0  17045
12955  0  17045
12955  0  17045
12955  0  17045
12955  0  17045
12955  0  17045
12955  0  17045
12955  0  17045
12955  0  17045
12955  0  17045
12955  0  17045
12955  0  17045
12955  0  17045
12955  0  17045
12955  0  17045
12955  0  17045
12955  0  17045
12955  0  17045
12955  0  17045
12955  0  17045
12955  0  17045
12955  0  17045
12955  0  17045
12955  0  17045
12955  0  17045
12955  0  17045
12955  0  17045
12955  0  17045
12955  0  17045
12955  0  17045
12955  0  17045
12955  0  17045
12955  0  17045
12955  0  17045
12955  0  17045
12955  0  17045
12955  0  17045
12955  0  17045
12955  0  17045
12955  0  17045
12955  0  17045
12955  0  17045
12955  0  17045
12955  0  17045
12955  0  17045
12955  0  17045
12955  0  17045
12955  0  17045
12955  0  17045
12955  0  17045
12955  0  17045
12955  0  17045
12955  0  17045
12955  0  17045
12955  0  17045
12955  0  17045
12955  0  17045
12955  0  17045
12955  0  17045
12955  0  17045
12955  0  17045
12955  0  17045
12955  0  17045
12955  0  17045
12955  0  17045
12955  0  17045
12955  0  17045
12955  0  17045
12955  0  17045
12955  0  17045
12955  0  17045
12955  0  17045
12955  0  17045
12955  0  17045
12955  0  17045
12955  0  17045
12955  0  17045
12955  0  17045
12955  0  17045
12955  0  17045
12955  0  17045
12955  0  17045
12955  0  17045
12955  0  17045
12955  0  17045
12955  0  17045
12955  0  17045
12955  0  17045
12955  0  17045
12955  0  17045
12955  0  17045
12955  0  17045
12955  0  17045
12955  0  17045
12955  0  17045
12955  0  17045
12955  0  17045
12955  0  17045
12955  0  17045
12955  0  17045
12955  0  17045
12955  0  17045
12955  0  17045
12955  0  17045
12955  0  17045
12955  0  17045
12955  0  17045
12955  0  17045
12955  0  17045
12955  0  17045
12955  0  17045
12955  0  17045
12955  0  17045
12955  0  17045
12955  0  17045
12955  0  17045
12955  0  17045
12955  0  17045
12955  0  17045
12955  0  17045
12955  0  17045
12955  0  17045
12955  0  17045
12955  0  17045
12955  0  17045
12955  0  17045
12955  0  17045
12955  0  17045
12955  0  17045
12955  0  17045
12955  0  17045
12955  0  17045
12955  0  17045
12955  0  17045
12955  0  17045
12955  0  17045
12955  0  17045
12955  0  17045
12955  0  17045
12955  0  17045
12955  0  17045
12955  0  17045
12955  0  17045
12955  0  17045
12955  0  17045
12955  0  17045
12955  0  17045
12955  0  17045
12955  0  17045
12955  0  17045
12955  0  17045
12955  0  17045
12955  0  17045
12955  0  17045
12955  0  17045
12955  0  17045
12955  0  17045
12955  0  17045
12955  0  17045
12955  0  17045
12955  0  17045
12955  0  17045
12955  0  17045
12955  0  17045
12955  0  17045
12955  0  17045
12955  0  17045
12955  0  17045
12955  0  17045
12955  0  17045
12955  0  17045
12955  0  17045
12955  0  17045
12955  0  17045
12955  0  17045
12955  0  17045
12955  0  17045
12955  0  17045
12955  0  17045
12955  0  17045
12955  0  17045
12955  0  17045
12955  0  17045
12955  0  17045
12955  0  17045
12955  0  17045
12955  0  17045
12955  0  17045
12955  0  17045
12955  0  17045
12955  0  17045
12955  0  17045
12955  0  17045
12955  0  17045
12955  0  17045
12955  0  17045
12955  0  17045
12955  0  17045
12955  0  17045
12955  0  17045
12955  0  17045
12955  0  17045
12955  0  17045
12955  0  17045
12955  0  17045
12955  0  17045
12955  0  17045
12955  0  17045
12955  0  17045
12955  0  17045
12955  0  17045
12955  0  17045
12955  0  17045
12955  0  17045
12955  0  17045
12955  0  17045
12955  0  17045
12955  0  17045
12955  0  17045
12955  0  17045
12955  0  17045
12955  0  17045
12955  0  17045
12955  0  17045
12955  0  17045
12955  0  17045
12955  0  17045
12955  0  17045
12955  0  17045
12955  0  17045
12955  0  17045
12955  0  17045
12955  0  17045
12955  0  17045
12955  0  17045
12955  0  17045
12955  0  17045
12955  0  17045
12955  0  17045
12955  0  17045
12955  0  17045
12955  0  17045
12955  0  17045
12955  0  17045
12955  0  17045
12955  0  17045
12955  0  17045
12955  0  17045
12955  0  17045
12955  0  17045
12955  0  17045
12955  0  17045
12955  0  17045
12955  0  17045
12955  0  17045
12955  0  17045
12955  0  17045
12955  0  17045
12955  0  17045
12955  0  17045
12955  0  17045
12955  0  17045
12955  0  17045
12955  0  17045
12955  0  17045
12955  0  17045
12955  0  17045
12955  0  17045
12955  0  17045
12955  0  17045
12955  0  17045
12955  0  17045
12955  0  17045
12955  0  17045
12955  0  17045
12955  0  17045
12955  0  17045
12955  0  17045
12955  0  17045
12955  0  17045
12955  0  17045
12955  0  17045
12955  0  17045
12955  0  17045
12955  0  17045
12955  0  17045
12955  0  17045
12955  0  17045
12955  0  17045
12955  0  17045
12955  0  17045
12955  0  17045
12955  0  17045
12955  0  17045
12955  0  17045
12955  0  17045
12955  0  17045
12955  0  17045
12955  0  17045
12955  0  17045
12955  0  17045
12955  0  17045
12955  0  17045
12955  0  17045
12955  0  17045
12955  0  17045
12955  0  17045
12955  0  17045
12955  0  17045
12955  0  17045
12955  0  17045
12955  0  17045
12955  0  17045
12955  0  17045
12955  0  17045
12955  0  17045
12955  0  17045
12955  0  17045
12955  0  17045
12955  0  17045
12955  0  17045
12955  0  17045
12955  0  17045
12955  0  17045
12955  0  17045
12955  0  17045
12955  0  17045
12955  0  17045
12955  0  17045
12955  0  17045
12955  0  17045
12955  0  17045
12955  0  17045
12955  0  17045
12955  0  17045
12955  0  17045
12955  0  17045
12955  0  17045
12955  0  17045
12955  0  17045
12955  0  17045
12955  0  17045
12955  0  17045
12955  0  17045
12955  0  17045
12955  0  17045
12955  0  17045
12955  0  17045
12955  0  17045
12955  0  17045
12955  0  17045
12955  0  17045
12955  0  17045
12955  0  17045
12955  0  17045
12955  0  17045
12955  0  17045
12955  0  17045
12955  0  17045
12955  0  17045
12955  0  17045
12955  0  17045
12955  0  17045
12955  0  17045
12955  0  17045
12955  0  17045
12955  0  17045
12955  0  17045
12955  0  17045
12955  0  17045
12955  0  17045
12955  0  17045
12955  0  17045
12955  0  17045
12955  0  17045
12955  0  17045
12955  0  17045
12955  0  17045
12955  0  17045
12955  0  17045
12955  0  17045
12955  0  17045
12955  0  17045
12955  0  17045
12955  0  17045
12955  0  17045
12955  0  17045
12955  0  17045
12955  0  17045
12955  0  17045
12955  0  17045
12955  0  17045
12955  0  17045
12955  0  17045
12955  0  17045
12955  0  17045
12955  0  17045
12955  0  17045
12955  0  17045
12955  0  17045
12955  0  17045
12955  0  17045
12955  0  17045
12955  0  17045
12955  0  17045
12955  0  17045
12955  0  17045
12955  0  17045
12955  0  17045
12955  0  17045
12955  0  17045
12955  0  17045
12955  0  17045
12955  0  17045
12955  0  17045
12955  0  17045
12955  0  17045
12955  0  17045
12955  0  17045
12955  0  17045
12955  0  17045
12955  0  17045
12955  0  17045
12955  0  17045
12955  0  17045
12955  0  17045
12955  0  17045
12955  0  17045
12955  0  17045
12955  0  17045
12955  0  17045
12955  0  17045
12955  0  17045
12955  0  17045
12955  0  17045
12955  0  17045
12955  0  17045
12955  0  17045
12955  0  17045
12955  0  17045
12955  0  17045
12955  0  17045
12955  0  17045
12955  0  17045
12955  0  17045
12955  0  17045
12955  0  17045
12955  0  17045
12955  0  17045
12955  0  17045
12955  0  17045
12955  0  17045
12955  0  17045
12955  0  17045
12955  0  17045
12955  0  17045
12955  0  17045
12955  0  17045
12955  0  17045
12955  0  17045
12955  0  17045
12955  0  17045
12955  0  17045
12955  0  17045
12955  0  17045
12955  0  17045
12955  0  17045
12955  0  17045
12955  0  17045
12955  0  17045
12955  0  17045
12955  0  17045
12955  0  17045
12955  0  17045
12955  0  17045
12955  0  17045
12955  0  17045
12955  0  17045
12955  0  17045
12955  0  17045
12955  0  17045
12955  0  17045
12955  0  17045
12955  0  17045
12955  0  17045
12955  0  17045
12955  0  17045
12955  0  17045
12955  0  17045
12955  0  17045
12955  0  17045
12955  0  17045
12955  0  17045
12955  0  17045
12955  0  17045
12955  0  17045
12955  0  17045
12955  0  17045
12955  0  17045
12955  0  17045
12955  0  17045
12955  0  17045
12955  0  17045
12955  0  17045
12955  0  17045
12955  0  17045
12955  0  17045
12955  0  17045
12955  0  17045
12955  0  17045
12955  0  17045
12955  0  17045
12955  0  17045
12955  0  17045
12955  0  17045
12955  0  17045
12955  0  17045
12955  0  17045
12955  0  17045
12955  0  17045
12955  0  17045
12955  0  17045
12955  0  17045
12955  0  17045
12955  0  17045
12955  0  17045
12955  0  17045
12955  0  17045
12955  0  17045
12955  0  17045
12955  0  17045
12955  0  17045
12955  0  17045
12955  0  17045
12955  0  17045
12955  0  17045
12955  0  17045
12955  0  17045
12955  0  17045
12955  0  17045
12955  0  17045
12955  0  17045
12955  0  17045
12955  0  17045
12955  0  17045
12955  0  17045
12955  0  17045
12955  0  17045
12955  0  17045
12955  0  17045
12955  0  17045
12955  0  17045
12955  0  17045
12955  0  17045
12955  0  17045
12955  0  17045
12955  0  17045
12955  0  17045
12955  0  17045
12955  0  17045
12955  0  17045
12955  0  17045
12955  0  17045
12955  0  17045
12955  0  17045
12955  0  17045
12955  0  17045
12955  0  17045
12955  0  17045
12955  0  17045
12955  0  17045
12955  0  17045
12955  0  17045
12955  0  17045
12955  0  17045
12955  0  17045
12955  0  17045
12955  0  17045
12955  0  17045
12955  0  17045
12955  0  17045
12955  0  17045
12955  0  17045
12955  0  17045
12955  0  17045
12955  0  17045
12955  0  17045
12955  0  17045
12955  0  17045
12955  0  17045
12955  0  17045
12955  0  17045
12955  0  17045
12955  0  17045
12955  0  17045
12955  0  17045
12955  0  17045
12955  0  17045
12955  0  17045
12955  0  17045
12955  0  17045
12955  0  17045
12955  0  17045
12955  0  17045
12955  0  17045
12955  0  17045
12955  0  17045
12955  0  17045
12955  0  17045
12955  0  17045
12955  0  17045
12955  0  17045
12955  0  17045
12955  0  17045
12955  0  17045
12955  0  17045
12955  0  17045
12955  0  17045
12955  0  17045
12955  0  17045
12955  0  17045
12955  0  17045
12955  0  17045
12955  0  17045
12955  0  17045
12955  0  17045
12955  0  17045
12955  0  17045
12955  0  17045
12955  0  17045
12955  0  17045
12955  0  17045
12955  0  17045
12955  0  17045
12955  0  17045
12955  0  17045
12955  0  17045
12955  0  17045
12955  0  17045
12955  0  17045
12955  0  17045
12955  0  17045
12955  0  17045
12955  0  17045
12955  0  17045
12955  0  17045
12955  0  17045
12955  0  17045
12955  0  17045
12955  0  17045
12955  0  17045
12955  0  17045
12955  0  17045
12955  0  17045
12955  0  17045
12955  0  17045
12955  0  17045
12955  0  17045
12955  0  17045
12955  0  17045
12955  0  17045
12955  0  17045
12955  0  17045
12955  0  17045
12955  0  17045
12955  0  17045
12955  0  17045
12955  0  17045
12955  0  17045
12955  0  17045
12955  0  17045
12955  0  17045
12955  0  17045
12955  0  17045
12955  0  17045
12955  0  17045
12955  0  17045
12955  0  17045
12955  0  17045
12955  0  17045
12955  0  17045
12955  0  17045
12955  0  17045
12955  0  17045
12955  0  17045
12955  0  17045
12955  0  17045
12955  0  17045
12955  0  17045
12955  0  17045
12955  0  17045
12955  0  17045
12955  0  17045
12955  0  17045
12955  0  17045
12955  0  17045
12955  0  17045
12955  0  17045
12955  0  17045
12955  0  17045
12955  0  17045
12955  0  17045
12955  0  17045
12955  0  17045
12955  0  17045
12955  0  17045
12955  0  17045
12955  0  17045
12955  0  17045
12955  0  17045
12955  0  17045
12955  0  17045
12955  0  17045
12955  0  17045
12955  0  17045
12955  0  17045
12955  0  17045
12955  0  17045
12955  0  17045
12955  0  17045
12955  0  17045
12955  0  17045
12955  0  17045
12955  0  17045
12955  0  17045
12955  0  17045
12955  0  17045
12955  0  17045
12955  0  17045
12955  0  17045
12955  0  17045
12955  0  17045
12955  0  17045
12955  0  17045
12955  0  17045
12955  0  17045
12955  0  17045
12955  0  17045
12955  0  17045
12955  0  17045
12955  0  17045
12955  0  17045
12955  0  17045
12955  0  17045
12955  0  17045
12955  0  17045
12955  0  17045
12955  0  17045
12955  0  17045
12955  0  17045
12955  0  17045
12955  0  17045
12955  0  17045
12955  0  17045
12955  0  17045
12955  0  17045
12955  0  17045
12955  0  17045
12955  0  17045
12955  0  17045
12955  0  17045
12955  0  17045
12955  0  17045
12955  0  17045
12955  0  17045
12955  0  17045
12955  0  17045
12955  0  17045
12955  0  17045
12955  0  17045
12955  0  17045
12955  0  17045
12955  0  17045
12955  0  17045
12955  0  17045
12955  0  17045
12955  0  17045
12955  0  17045
12955  0  17045
12955  0  17045
12955  0  17045
12955  0  17045
12955  0  17045
12955  0  17045
12955  0  17045
12955  0  17045
12955  0  17045
12955  0  17045
12955  0  17045
12955  0  17045
12955  0  17045
12955  0  17045
12955  0  17045
12955  0  17045
12955  0  17045
12955  0  17045
12955  0  17045
12955  0  17045
12955  0  17045
12955  0  17045
12955  0  17045
12955  0  17045
12955  0  17045
12955  0  17045
12955  0  17045
12955  0  17045
12955  0  17045
12955  0  17045
12955  0  17045
12955  0  17045
12955  0  17045
12955  0  17045
12955  0  17045
12955  0  17045
12955  0  17045
12955  0  17045
12955  0  17045
12955  0  17045
12955  0  17045
12955  0  17045
12955  0  17045
12955  0  17045
12955  0  17045
12955  0  17045
12955  0  17045
12955  0  17045
12955  0  17045
12955  0  17045
12955  0  17045
12955  0  17045
12955  0  17045
12955  0  17045
12955  0  17045
12955  0  17045
12955  0  17045
12955  0  17045
12955  0  17045
12955  0  17045
12955  0  17045
12955  0  17045
12955  0  17045
12955  0  17045
12955  0  17045
12955  0  17045
12955  0  17045
12955  0  17045
12955  0  17045
12955  0  17045
12955  0  17045
12955  0  17045
12955  0  17045
12955  0  17045
12955  0  17045
12955  0  17045
12955  0  17045
12955  0  17045
12955  0  17045
12955  0  17045
12955  0  17045
12955  0  17045
12955  0  17045
12955  0  17045
12955  0  17045
12955  0  17045
12955  0  17045
12955  0  17045
12955  0  17045
12955  0  17045
12955  0  17045
12955  0  17045
12955  0  17045
12955  0  17045
12955  0  17045
12955  0  17045
12955  0  17045
12955  0  17045
