83  10  7  96  2  2
80  8  12  88  8  4
74  10  16  75  16  9
72  10  18  65  21  14
72  10  18  64  17  19
66  14  20  55  22  23
59  19  22  49  25  26
60  21  19  51  21  28
54  25  21  47  21  32
44  26  30  48  21  31
42  24  34  41  24  35
44  21  35  42  25  33
48  18  34  39  25  36
51  19  30  42  25  33
52  21  27  41  27  32
53  23  24  46  23  31
45  28  27  50  24  26
47  22  31  50  18  32
48  20  32  47  14  39
46  14  40  42  24  34
47  17  36  43  21  36
55  17  28  47  18  35
49  24  27  52  13  35
45  26  29  49  20  31
40  29  31  43  28  29
42  24  34  36  35  29
47  20  33  36  34  30
41  18  41  38  28  34
39  21  40  41  26  33
33  21  46  39  24  37
34  19  47  40  24  36
33  19  48  40  20  40
45  18  37  40  20  40
50  17  33  44  20  36
49  22  29  52  19  29
50  20  30  46  24  30
47  19  34  41  30  29
49  17  34  39  29  32
51  22  27  31  27  42
49  23  28  32  29  39
51  25  24  45  23  32
45  29  26  55  17  28
46  23  31  59  15  26
47  24  29  57  22  21
45  24  31  48  25  27
44  28  28  45  26  29
45  32  23  50  23  27
41  28  31  48  28  24
36  25  39  33  33  34
38  25  37  33  28  39
41  20  39  31  32  37
42  20  38  31  28  41
50  17  33  35  26  39
53  19  28  41  23  36
52  27  21  42  15  43
48  28  24  48  19  33
50  24  26  42  26  32
46  20  34  47  18  35
50  21  29  45  20  35
40  27  33  41  20  39
46  24  30  47  22  31
45  24  31  46  17  37
47  23  30  43  21  36
49  23  28  39  23  38
49  24  27  44  20  36
51  22  27  45  20  35
53  18  29  45  23  32
59  14  27  51  20  29
57  8  35  60  21  19
53  13  34  57  21  22
53  14  33  54  25  21
48  21  31  54  23  23
51  22  27  43  31  26
48  29  23  41  29  30
43  27  30  41  22  37
44  26  30  39  23  38
40  29  31  41  23  36
37  21  42  43  22  35
48  17  35  42  27  31
54  19  27  37  31  32
48  24  28  36  25  39
46  22  32  41  24  35
42  23  35  39  28  33
41  25  34  47  23  30
42  23  35  46  23  31
41  20  39  49  26  25
51  19  30  42  29  29
51  22  27  39  26  35
45  26  29  40  26  34
44  30  26  30  27  43
41  23  36  32  22  46
54  20  26  38  18  44
52  20  28  45  19  36
51  20  29  41  19  40
45  22  33  45  23  32
43  19  38  44  23  33
49  20  31  48  20  32
52  23  25  48  19  33
52  22  26  42  24  34
55  22  23  38  23  39
