29990  9  1
29989  10  1
29988  10  2
29986  10  4
29985  11  4
29983  12  5
29982  11  7
29981  11  8
29981  11  8
29979  11  10
29976  12  12
29973  14  13
29969  16  15
29967  13  20
29966  12  22
29965  12  23
29964  13  23
29961  14  25
29959  12  29
29958  12  30
29957  12  31
29953  16  31
29954  15  31
29952  17  31
29950  17  33
29948  19  33
29947  19  34
29941  23  36
29934  29  37
29926  34  40
29921  35  44
29915  31  54
29915  33  52
29910  35  55
29905  37  58
29898  37  65
29896  34  70
29887  41  72
29876  49  75
29866  55  79
29858  57  85
29855  55  90
29852  52  96
29841  59  100
29832  65  103
29816  71  113
29810  71  119
29800  76  124
29785  85  130
29775  83  142
29758  91  151
29738  102  160
29717  108  175
29696  114  190
29686  111  203
29669  122  209
29650  129  221
29625  138  237
29601  150  249
29583  154  263
29568  153  279
29544  158  298
29519  162  319
29483  180  337
29443  204  353
29411  210  379
29372  214  414
29348  220  432
29318  220  462
29276  236  488
29237  252  511
29207  261  532
29167  274  559
29135  286  579
29096  296  608
29054  303  643
29015  309  676
28977  313  710
28933  324  743
28879  339  782
28811  361  828
28751  385  864
28695  397  908
28647  407  946
28589  420  991
28537  442  1021
28460  465  1075
28390  477  1133
28315  515  1170
28246  540  1214
28168  560  1272
28096  577  1327
28009  611  1380
27927  640  1433
27826  667  1507
27744  688  1568
27647  726  1627
27548  747  1705
27454  750  1796
27352  765  1883
27246  802  1952
27124  853  2023
27005  870  2125
26871  914  2215
26744  940  2316
26620  965  2415
26513  973  2514
26390  997  2613
26266  1025  2709
26117  1079  2804
25989  1109  2902
25846  1146  3008
25693  1190  3117
25529  1227  3244
25370  1259  3371
25200  1280  3520
25025  1314  3661
24873  1356  3771
24716  1367  3917
24509  1435  4056
24357  1457  4186
24186  1489  4325
24009  1528  4463
23833  1551  4616
23660  1590  4750
23480  1620  4900
23285  1651  5064
23082  1692  5226
22858  1756  5386
22675  1748  5577
22464  1784  5752
22256  1820  5924
22064  1850  6086
21846  1888  6266
21632  1913  6455
21449  1918  6633
21260  1902  6838
21069  1913  7018
20869  1941  7190
20687  1951  7362
20494  1945  7561
20306  1923  7771
20149  1913  7938
19947  1959  8094
19767  1954  8279
19606  1928  8466
19437  1953  8610
19272  1944  8784
19113  1945  8942
18966  1929  9105
18827  1907  9266
18704  1853  9443
18566  1870  9564
18429  1872  9699
18281  1879  9840
18096  1875  10029
17971  1862  10167
17825  1848  10327
17678  1835  10487
17575  1806  10619
17433  1819  10748
17324  1775  10901
17222  1733  11045
17102  1724  11174
16964  1713  11323
16828  1715  11457
16724  1662  11614
16592  1652  11756
16500  1626  11874
16411  1580  12009
16334  1565  12101
16245  1544  12211
16182  1519  12299
16115  1498  12387
16039  1481  12480
15978  1446  12576
15895  1414  12691
15846  1362  12792
15800  1337  12863
15749  1323  12928
15684  1310  13006
15641  1300  13059
15596  1242  13162
15539  1234  13227
15491  1214  13295
15454  1185  13361
15411  1138  13451
15397  1107  13496
15360  1083  13557
15361  1048  13591
15369  1005  13626
15355  977  13668
15351  959  13690
15335  920  13745
15318  900  13782
15304  877  13819
15269  868  13863
15261  859  13880
15253  834  13913
15245  829  13926
15239  807  13954
15250  777  13973
15242  785  13973
15241  769  13990
15218  778  14004
15224  765  14011
15242  739  14019
15253  729  14018
15261  723  14016
15274  687  14039
15283  668  14049
15295  649  14056
15307  631  14062
15324  611  14065
15332  600  14068
15359  574  14067
15405  543  14052
15430  526  14044
15451  512  14037
15452  511  14037
15475  507  14018
15514  488  13998
15552  460  13988
15583  435  13982
15605  438  13957
15655  427  13918
15677  423  13900
15713  405  13882
15753  406  13841
15791  397  13812
15836  393  13771
15859  379  13762
15898  356  13746
15925  351  13724
15969  340  13691
16016  341  13643
16069  318  13613
16096  317  13587
16133  312  13555
16172  302  13526
16213  284  13503
16251  285  13464
16291  270  13439
16324  257  13419
16367  259  13374
16406  261  13333
16438  252  13310
16476  251  13273
16527  247  13226
16557  245  13198
16595  240  13165
16636  241  13123
16681  227  13092
16717  225  13058
16755  220  13025
16807  227  12966
16850  233  12917
16893  223  12884
16932  218  12850
16992  208  12800
17041  201  12758
17074  206  12720
17121  200  12679
17160  195  12645
17191  189  12620
17233  186  12581
17291  180  12529
17341  179  12480
17396  180  12424
17441  173  12386
17493  164  12343
17531  165  12304
17579  161  12260
17642  158  12200
17692  159  12149
17727  160  12113
17792  152  12056
17840  152  12008
17877  156  11967
17921  160  11919
17962  159  11879
18000  151  11849
18046  151  11803
18092  149  11759
18131  151  11718
18177  146  11677
18223  146  11631
18286  136  11578
18325  135  11540
18373  131  11496
18415  133  11452
18455  134  11411
18514  133  11353
18555  128  11317
18587  128  11285
18628  128  11244
18657  128  11215
18704  122  11174
18750  107  11143
18797  105  11098
18837  100  11063
18880  99  11021
18923  95  10982
18982  92  10926
19024  98  10878
19069  94  10837
19098  95  10807
19155  94  10751
19198  93  10709
19238  91  10671
19267  92  10641
19306  95  10599
19351  91  10558
19382  95  10523
19436  88  10476
19481  87  10432
19516  86  10398
19559  86  10355
19591  92  10317
19637  87  10276
19682  88  10230
19711  83  10206
19760  81  10159
19800  86  10114
19846  87  10067
19899  79  10022
19942  81  9977
19995  76  9929
20041  73  9886
20088  72  9840
20123  72  9805
20155  69  9776
20193  66  9741
20229  63  9708
20284  68  9648
20331  69  9600
20368  62  9570
20416  59  9525
20456  58  9486
20502  58  9440
20538  59  9403
20590  60  9350
20635  58  9307
20671  58  9271
20727  59  9214
20767  64  9169
20823  64  9113
20869  66  9065
20907  63  9030
20947  66  8987
20991  65  8944
21024  65  8911
21054  69  8877
21079  72  8849
21118  76  8806
21148  78  8774
21183  76  8741
21227  78  8695
21252  74  8674
21278  70  8652
21308  68  8624
21347  68  8585
21380  71  8549
21422  74  8504
21453  69  8478
21486  74  8440
21514  77  8409
21534  81  8385
21555  84  8361
21576  85  8339
21600  87  8313
21632  84  8284
21662  83  8255
21702  80  8218
21725  75  8200
21755  71  8174
21794  74  8132
21818  76  8106
21841  82  8077
21872  84  8044
21910  85  8005
21942  81  7977
21971  86  7943
22000  92  7908
22023  94  7883
22044  93  7863
22071  99  7830
22106  95  7799
22131  97  7772
22149  105  7746
22176  114  7710
22193  117  7690
22216  116  7668
22244  118  7638
22277  110  7613
22298  107  7595
22315  110  7575
22327  115  7558
22353  121  7526
22359  124  7517
22383  130  7487
22402  128  7470
22424  135  7441
22441  125  7434
22458  121  7421
22486  120  7394
22495  128  7377
22516  121  7363
22538  119  7343
22551  129  7320
22573  135  7292
22589  145  7266
22613  145  7242
22629  148  7223
22656  146  7198
22668  147  7185
22683  155  7162
22698  165  7137
22716  159  7125
22730  156  7114
22745  169  7086
22753  172  7075
22775  168  7057
22786  166  7048
22803  170  7027
22824  160  7016
22847  155  6998
22860  150  6990
22863  161  6976
22867  172  6961
22886  167  6947
22899  172  6929
22915  175  6910
22916  172  6912
22935  168  6897
22946  181  6873
22957  191  6852
22956  190  6854
22970  193  6837
22990  193  6817
22998  205  6797
23014  206  6780
23019  209  6772
23027  205  6768
23032  197  6771
23028  212  6760
23025  227  6748
23035  224  6741
23044  222  6734
23058  222  6720
23059  225  6716
23073  226  6701
23086  226  6688
23086  238  6676
23093  234  6673
23109  226  6665
23127  224  6649
23138  226  6636
23146  236  6618
23148  247  6605
23136  252  6612
23141  260  6599
23134  261  6605
23131  264  6605
23126  261  6613
23116  269  6615
23125  272  6603
23113  282  6605
23116  287  6597
23113  299  6588
23106  315  6579
23098  327  6575
23102  329  6569
23095  339  6566
23069  353  6578
23062  349  6589
23053  355  6592
23041  356  6603
23012  369  6619
23001  384  6615
22994  388  6618
22969  404  6627
22954  414  6632
22927  414  6659
22911  416  6673
22880  431  6689
22856  427  6717
22840  435  6725
22815  442  6743
22799  432  6769
22759  446  6795
22742  447  6811
22710  454  6836
22665  467  6868
22630  474  6896
22617  475  6908
22598  483  6919
22587  481  6932
22549  496  6955
22528  496  6976
22512  496  6992
22480  505  7015
22436  525  7039
22393  540  7067
22342  538  7120
22306  544  7150
22271  560  7169
22244  559  7197
22207  565  7228
22165  581  7254
22135  596  7269
22114  586  7300
22075  586  7339
22047  576  7377
22000  579  7421
21972  569  7459
21930  577  7493
21909  565  7526
21888  564  7548
21870  571  7559
21833  589  7578
21815  581  7604
21774  585  7641
21741  598  7661
21726  597  7677
21715  587  7698
21662  609  7729
21608  626  7766
21563  629  7808
21548  631  7821
21516  645  7839
21456  681  7863
21409  699  7892
21364  701  7935
21320  697  7983
21278  692  8030
21255  670  8075
21231  655  8114
21181  664  8155
21147  653  8200
21127  658  8215
21110  648  8242
21061  679  8260
21043  678  8279
21008  690  8302
20973  677  8350
20929  683  8388
20891  679  8430
20847  699  8454
20812  706  8482
20780  711  8509
20731  743  8526
20690  750  8560
20664  735  8601
20634  733  8633
20581  750  8669
20546  755  8699
20488  758  8754
20450  772  8778
20397  781  8822
20358  767  8875
20314  776  8910
20282  766  8952
20237  767  8996
20212  752  9036
20173  761  9066
20132  756  9112
20073  777  9150
20037  772  9191
19985  777  9238
19955  775  9270
19903  784  9313
19879  780  9341
19827  795  9378
19777  800  9423
19756  783  9461
19724  789  9487
19695  786  9519
19649  783  9568
19599  780  9621
19568  783  9649
19529  784  9687
19503  784  9713
19482  775  9743
19448  769  9783
19437  747  9816
19417  718  9865
19399  714  9887
19373  720  9907
19332  729  9939
19285  745  9970
19259  732  10009
19239  742  10019
19225  737  10038
19210  727  10063
19190  728  10082
19164  722  10114
19123  723  10154
19083  724  10193
19078  708  10214
19048  727  10225
19047  716  10237
19036  725  10239
19023  710  10267
19004  693  10303
18996  680  10324
18970  692  10338
18954  700  10346
18902  725  10373
18885  717  10398
18861  712  10427
18835  717  10448
18811  706  10483
18799  687  10514
18779  684  10537
18749  691  10560
18729  686  10585
18693  692  10615
18677  690  10633
18650  693  10657
18625  707  10668
18612  709  10679
18578  711  10711
18570  705  10725
18534  700  10766
18525  691  10784
18499  697  10804
18489  682  10829
18479  662  10859
18469  653  10878
18465  636  10899
18467  628  10905
18468  609  10923
18455  607  10938
18439  612  10949
18414  628  10958
18385  633  10982
18379  629  10992
18369  625  11006
18367  622  11011
18386  602  11012
18362  595  11043
18355  615  11030
18359  592  11049
18361  575  11064
18351  567  11082
18335  580  11085
18343  582  11075
18363  561  11076
18375  571  11054
18377  561  11062
18377  537  11086
18377  538  11085
18381  521  11098
18381  511  11108
18390  503  11107
18387  507  11106
18392  514  11094
18391  535  11074
18398  524  11078
18407  525  11068
18399  520  11081
18408  489  11103
18406  492  11102
18425  478  11097
18434  482  11084
18433  479  11088
18436  487  11077
18434  475  11091
18440  486  11074
18448  486  11066
18443  487  11070
18464  471  11065
18470  459  11071
18467  454  11079
18468  450  11082
18475  444  11081
18476  428  11096
18491  422  11087
18510  411  11079
18528  400  11072
18551  394  11055
18557  388  11055
18575  382  11043
18587  385  11028
18616  378  11006
18626  374  11000
18642  370  10988
18648  366  10986
18666  372  10962
18673  371  10956
18680  381  10939
18697  376  10927
18725  370  10905
18747  354  10899
18761  351  10888
18780  360  10860
18792  360  10848
18798  352  10850
18798  350  10852
18809  342  10849
18810  340  10850
18836  338  10826
18854  341  10805
18868  340  10792
18881  327  10792
18910  317  10773
18935  302  10763
18967  297  10736
18976  306  10718
18998  305  10697
18995  310  10695
19013  303  10684
19030  296  10674
19057  290  10653
19072  304  10624
19104  300  10596
19128  294  10578
19138  298  10564
19166  308  10526
19181  303  10516
19213  309  10478
19244  313  10443
19255  312  10433
19263  318  10419
19280  323  10397
19297  321  10382
19326  311  10363
19343  310  10347
19354  317  10329
19371  331  10298
19389  322  10289
19400  333  10267
19410  338  10252
19426  349  10225
19419  362  10219
19438  369  10193
19436  373  10191
19462  337  10201
19489  326  10185
19510  316  10174
19519  336  10145
19523  327  10150
19528  339  10133
19518  360  10122
19530  334  10136
19541  338  10121
19549  328  10123
19550  325  10125
19551  324  10125
19574  320  10106
19576  319  10105
19584  314  10102
19607  320  10073
19613  333  10054
19619  327  10054
19639  318  10043
19664  316  10020
19678  327  9995
19690  334  9976
19698  325  9977
19699  335  9966
19706  347  9947
19727  335  9938
19740  340  9920
19754  346  9900
19766  363  9871
19772  364  9864
19788  355  9857
19790  366  9844
19802  344  9854
19827  351  9822
19829  346  9825
19823  352  9825
19831  360  9809
19829  372  9799
19835  376  9789
19847  377  9776
19845  392  9763
19834  392  9774
19835  385  9780
19846  379  9775
19860  376  9764
19863  388  9749
19876  388  9736
19891  384  9725
19913  379  9708
19917  386  9697
19915  387  9698
19923  386  9691
19934  383  9683
19931  387  9682
19934  376  9690
19943  379  9678
19935  379  9686
19947  374  9679
19959  377  9664
19973  370  9657
19974  374  9652
19992  370  9638
20006  379  9615
20019  363  9618
20027  357  9616
20029  365  9606
20035  373  9592
20039  375  9586
20018  390  9592
20020  394  9586
20011  390  9599
20015  391  9594
20023  395  9582
20015  404  9581
20010  424  9566
20020  419  9561
20028  410  9562
20023  425  9552
20018  432  9550
20023  443  9534
20019  443  9538
20019  428  9553
19996  449  9555
19984  443  9573
19988  437  9575
19996  428  9576
20006  428  9566
20005  425  9570
20016  425  9559
20016  422  9562
20006  426  9568
20014  419  9567
20003  417  9580
19995  413  9592
19997  405  9598
19994  388  9618
19997  387  9616
19999  398  9603
20021  395  9584
20027  398  9575
20033  399  9568
20027  408  9565
20019  402  9579
20029  403  9568
20018  410  9572
20012  418  9570
20009  413  9578
20017  411  9572
20018  409  9573
20020  414  9566
20029  407  9564
20021  403  9576
20014  410  9576
20017  397  9586
20031  377  9592
20046  362  9592
20055  362  9583
20064  377  9559
20075  380  9545
20061  383  9556
20058  387  9555
20075  391  9534
20108  385  9507
20116  386  9498
20134  379  9487
20138  376  9486
20146  386  9468
20145  384  9471
20148  394  9458
20161  400  9439
20152  412  9436
20151  411  9438
20147  412  9441
20149  410  9441
20151  417  9432
20175  408  9417
20184  394  9422
20172  393  9435
20193  381  9426
20207  375  9418
20207  371  9422
20210  369  9421
20203  369  9428
20197  378  9425
20184  383  9433
20179  391  9430
20179  391  9430
20167  398  9435
20146  407  9447
20143  406  9451
20143  417  9440
20134  421  9445
20136  430  9434
20141  447  9412
20134  450  9416
20126  436  9438
20114  438  9448
20102  437  9461
20091  445  9464
20095  450  9455
20087  467  9446
20090  452  9458
20072  452  9476
20062  450  9488
20064  447  9489
20079  442  9479
20056  444  9500
20062  438  9500
20065  424  9511
20059  427  9514
20076  406  9518
20081  407  9512
20072  412  9516
20074  430  9496
20065  437  9498
20055  454  9491
20043  454  9503
20068  431  9501
20076  448  9476
20072  462  9466
20074  460  9466
20074  470  9456
20096  454  9450
20107  445  9448
20119  449  9432
20114  445  9441
20117  438  9445
20124  437  9439
20136  435  9429
20108  450  9442
20102  434  9464
20082  439  9479
20079  443  9478
20077  433  9490
20094  429  9477
20097  420  9483
20084  425  9491
20070  427  9503
20076  417  9507
20078  416  9506
20082  418  9500
20080  413  9507
20081  430  9489
20084  437  9479
20103  433  9464
20093  434  9473
20086  438  9476
20097  421  9482
20076  433  9491
20051  447  9502
20033  447  9520
20028  464  9508
20009  483  9508
20011  485  9504
20010  484  9506
20003  472  9525
20007  461  9532
20011  445  9544
20003  457  9540
20019  451  9530
20019  455  9526
20022  439  9539
20012  445  9543
20006  438  9556
20010  444  9546
20001  462  9537
20001  458  9541
19995  466  9539
19984  458  9558
19972  455  9573
19956  473  9571
19947  484  9569
19972  469  9559
19957  474  9569
19930  489  9581
19913  491  9596
19910  480  9610
19919  472  9609
19915  465  9620
19922  459  9619
19924  446  9630
19936  438  9626
19945  429  9626
19952  428  9620
19965  422  9613
19966  419  9615
19968  401  9631
19958  414  9628
19945  410  9645
19946  410  9644
19932  418  9650
19930  417  9653
19938  428  9634
19945  424  9631
19936  429  9635
19913  435  9652
19937  411  9652
19945  399  9656
19941  398  9661
19949  375  9676
19960  376  9664
19955  375  9670
19957  376  9667
19955  398  9647
19961  400  9639
19954  403  9643
19946  409  9645
19941  399  9660
19952  409  9639
19947  403  9650
19967  405  9628
19974  403  9623
19983  410  9607
19986  404  9610
19999  398  9603
20003  398  9599
19993  399  9608
20004  392  9604
20012  395  9593
20023  397  9580
20015  402  9583
20025  384  9591
20024  387  9589
20030  383  9587
20023  404  9573
20013  408  9579
20002  398  9600
20005  408  9587
19996  428  9576
19978  439  9583
19982  431  9587
19966  437  9597
19974  440  9586
19963  447  9590
19953  440  9607
19942  436  9622
19938  419  9643
19928  426  9646
19925  417  9658
19942  412  9646
19956  400  9644
19965  416  9619
19961  416  9623
19947  438  9615
19946  437  9617
19943  439  9618
19946  433  9621
19946  443  9611
19945  449  9606
19948  456  9596
19939  454  9607
19942  452  9606
19928  467  9605
19934  466  9600
19925  468  9607
19935  467  9598
19936  472  9592
19936  455  9609
19932  443  9625
19926  434  9640
19917  435  9648
19903  442  9655
19900  439  9661
19899  455  9646
19886  453  9661
19875  460  9665
19864  452  9684
19856  444  9700
19853  445  9702
19846  442  9712
19851  430  9719
19841  424  9735
19837  415  9748
19841  422  9737
19844  414  9742
19840  420  9740
19837  430  9733
19838  422  9740
19837  423  9740
19839  408  9753
19849  396  9755
19856  385  9759
19849  393  9758
19846  388  9766
19841  392  9767
19823  405  9772
19821  418  9761
19825  426  9749
19825  415  9760
19811  428  9761
19812  411  9777
19819  414  9767
19813  414  9773
19814  420  9766
19812  412  9776
19820  411  9769
19807  414  9779
19814  402  9784
19812  408  9780
19813  395  9792
19811  401  9788
19829  390  9781
19821  405  9774
19833  400  9767
19830  416  9754
19820  414  9766
19827  415  9758
19835  401  9764
19842  401  9757
19844  401  9755
19850  394  9756
19863  393  9744
19873  382  9745
19876  385  9739
19879  390  9731
19888  390  9722
19876  390  9734
19883  383  9734
19904  370  9726
19935  357  9708
19941  351  9708
19949  358  9693
19967  361  9672
19981  357  9662
19998  365  9637
20014  370  9616
20013  368  9619
20029  365  9606
20033  364  9603
20048  379  9573
20054  385  9561
20060  384  9556
20082  369  9549
20077  384  9539
20063  392  9545
20059  401  9540
20075  389  9536
20065  400  9535
20080  400  9520
20079  400  9521
20080  393  9527
20092  380  9528
20113  370  9517
20091  383  9526
20088  384  9528
20103  374  9523
20104  372  9524
20112  381  9507
20113  372  9515
20126  352  9522
20148  359  9493
20162  361  9477
20181  357  9462
20185  361  9454
20192  357  9451
20193  373  9434
20198  374  9428
20201  378  9421
20206  372  9422
20208  383  9409
20213  381  9406
20199  392  9409
20193  396  9411
20197  391  9412
20194  384  9422
20191  382  9427
20204  373  9423
20227  356  9417
20243  373  9384
20234  371  9395
20242  376  9382
20245  391  9364
20250  391  9359
20244  404  9352
20245  401  9354
20245  407  9348
20232  421  9347
20230  432  9338
20217  441  9342
20214  431  9355
20213  428  9359
20211  429  9360
20202  419  9379
20189  426  9385
20189  433  9378
20197  426  9377
20201  421  9378
20230  404  9366
20235  393  9372
20216  406  9378
20214  421  9365
20219  405  9376
20207  414  9379
20198  410  9392
20192  421  9387
20204  419  9377
20189  442  9369
20192  446  9362
20192  444  9364
20184  441  9375
20180  448  9372
20174  444  9382
20164  444  9392
20176  420  9404
20188  405  9407
20191  413  9396
20214  408  9378
20207  404  9389
20212  417  9371
20218  417  9365
20216  414  9370
20235  406  9359
20240  402  9358
20248  398  9354
20259  394  9347
20250  398  9352
20232  408  9360
20230  420  9350
20231  431  9338
20215  439  9346
20204  455  9341
20205  462  9333
20223  460  9317
20199  470  9331
20183  466  9351
20177  471  9352
20157  476  9367
20158  480  9362
20145  475  9380
20121  487  9392
20114  478  9408
20106  478  9416
20100  478  9422
20087  474  9439
20069  487  9444
20067  472  9461
20072  474  9454
20049  501  9450
20043  507  9450
20056  507  9437
20050  516  9434
20040  525  9435
20019  532  9449
20019  531  9450
20007  536  9457
20002  532  9466
19978  541  9481
19964  555  9481
19952  555  9493
19918  561  9521
19924  573  9503
19900  571  9529
19902  561  9537
19883  563  9554
19862  565  9573
19850  560  9590
19853  548  9599
19849  529  9622
19857  525  9618
19854  514  9632
19836  504  9660
19832  483  9685
19819  478  9703
19814  477  9709
19809  494  9697
19803  480  9717
19796  491  9713
19799  479  9722
19778  481  9741
19762  478  9760
19773  472  9755
19764  477  9759
19769  471  9760
19746  479  9775
19728  492  9780
19726  490  9784
19729  489  9782
19728  493  9779
19724  487  9789
19709  488  9803
19715  485  9800
19736  472  9792
19724  475  9801
19723  488  9789
19719  491  9790
19715  487  9798
19695  492  9813
19668  501  9831
19663  503  9834
19652  512  9836
19625  509  9866
19620  515  9865
19615  521  9864
19621  512  9867
19618  500  9882
19637  483  9880
19637  483  9880
19642  475  9883
19649  464  9887
19645  473  9882
19641  485  9874
19668  477  9855
19661  460  9879
19660  466  9874
19659  484  9857
19633  493  9874
19629  491  9880
19624  473  9903
19610  473  9917
19620  462  9918
19614  452  9934
19626  435  9939
19643  425  9932
19660  436  9904
19676  447  9877
19673  451  9876
19675  464  9861
19666  467  9867
19658  472  9870
19645  474  9881
19646  478  9876
19636  472  9892
19631  458  9911
19625  453  9922
19611  465  9924
19594  480  9926
19600  468  9932
19599  462  9939
19597  463  9940
19579  481  9940
19580  480  9940
19583  485  9932
19581  478  9941
19559  489  9952
19555  483  9962
19544  491  9965
19534  488  9978
19533  480  9987
19511  499  9990
19495  505  10000
19482  513  10005
19474  503  10023
19461  504  10035
19456  512  10032
19435  516  10049
19437  514  10049
19428  504  10068
19438  500  10062
19425  502  10073
19428  510  10062
19417  496  10087
19416  491  10093
19421  489  10090
19421  488  10091
19426  487  10087
19436  485  10079
19435  487  10078
19447  477  10076
19429  492  10079
19424  495  10081
19407  502  10091
19394  511  10095
19368  522  10110
19382  516  10102
19398  517  10085
19391  520  10089
19391  521  10088
19383  522  10095
19374  524  10102
19366  527  10107
19360  530  10110
19329  547  10124
19324  529  10147
19315  539  10146
19304  562  10134
19288  559  10153
19285  559  10156
19258  565  10177
19264  554  10182
19252  548  10200
19259  534  10207
19257  520  10223
19246  525  10229
19237  513  10250
19219  512  10269
19219  503  10278
19219  499  10282
19201  491  10308
19179  506  10315
19181  505  10314
19177  513  10310
19170  516  10314
19179  501  10320
19180  507  10313
19176  508  10316
19175  499  10326
19167  499  10334
19164  491  10345
19166  470  10364
19141  490  10369
19162  490  10348
19167  480  10353
19147  483  10370
19147  478  10375
19163  465  10372
19164  459  10377
19178  440  10382
19196  435  10369
19207  435  10358
19209  431  10360
19197  429  10374
19207  440  10353
19205  453  10342
19210  453  10337
19231  454  10315
19214  463  10323
19205  463  10332
19200  465  10335
19195  475  10330
19199  471  10330
19204  468  10328
19212  460  10328
19220  458  10322
19208  448  10344
19207  476  10317
19220  474  10306
19222  465  10313
19224  463  10313
19242  443  10315
19245  438  10317
19264  421  10315
19266  433  10301
19258  431  10311
19252  440  10308
19241  449  10310
19231  453  10316
19244  441  10315
19234  461  10305
19237  452  10311
19228  451  10321
19228  462  10310
19240  457  10303
19242  454  10304
19234  463  10303
19237  453  10310
19255  452  10293
19252  456  10292
19248  461  10291
19248  467  10285
19242  482  10276
19247  467  10286
19252  464  10284
19243  480  10277
19250  479  10271
19270  457  10273
19282  441  10277
19302  426  10272
19320  425  10255
19322  407  10271
19335  406  10259
19342  407  10251
19357  403  10240
19378  389  10233
19367  388  10245
19376  398  10226
19382  405  10213
19387  398  10215
19397  402  10201
19428  396  10176
19426  403  10171
19445  390  10165
19462  376  10162
19470  391  10139
19470  395  10135
19473  391  10136
19497  377  10126
19512  380  10108
19522  382  10096
19530  373  10097
19537  379  10084
19549  381  10070
19562  395  10043
19577  407  10016
19574  418  10008
19589  405  10006
19606  404  9990
19622  403  9975
19625  405  9970
19628  403  9969
19627  414  9959
19646  403  9951
19672  408  9920
19680  394  9926
19691  398  9911
19712  386  9902
19719  380  9901
19720  389  9891
19722  382  9896
19741  384  9875
19754  387  9859
19769  379  9852
19772  390  9838
19786  400  9814
19799  389  9812
19817  384  9799
19834  373  9793
19844  368  9788
19863  368  9769
19868  377  9755
19865  379  9756
19879  378  9743
19889  370  9741
19896  378  9726
19909  379  9712
19914  385  9701
19924  363  9713
19931  365  9704
19955  357  9688
19964  363  9673
19976  368  9656
19974  369  9657
19984  377  9639
20004  373  9623
20007  381  9612
20013  385  9602
20018  379  9603
20015  384  9601
20013  382  9605
20030  379  9591
20034  381  9585
20055  382  9563
20074  373  9553
20077  383  9540
20083  386  9531
20078  390  9532
20067  401  9532
20088  395  9517
20091  400  9509
20108  400  9492
20109  409  9482
20109  408  9483
20122  393  9485
20109  408  9483
20121  394  9485
20130  392  9478
20130  389  9481
20140  387  9473
20141  390  9469
20132  396  9472
20128  398  9474
20129  391  9480
20134  405  9461
20142  402  9456
20144  396  9460
20139  406  9455
20142  407  9451
20138  415  9447
20147  399  9454
20158  400  9442
20172  392  9436
20182  399  9419
20190  397  9413
20191  391  9418
20173  395  9432
20174  394  9432
20176  388  9436
20177  382  9441
20179  383  9438
20175  389  9436
20180  396  9424
20177  404  9419
20175  420  9405
20169  437  9394
20170  445  9385
20159  450  9391
20144  462  9394
20142  465  9393
20134  448  9418
20124  455  9421
20107  466  9427
20118  454  9428
20110  454  9436
20113  454  9433
20129  447  9424
20129  442  9429
20122  441  9437
20102  458  9440
20109  440  9451
20104  439  9457
20087  439  9474
20080  435  9485
20080  426  9494
20110  398  9492
20110  403  9487
20090  410  9500
20089  424  9487
20072  440  9488
20074  437  9489
20053  435  9512
20034  454  9512
20030  451  9519
20019  451  9530
20018  435  9547
20021  431  9548
20025  436  9539
20030  438  9532
20025  444  9531
20018  446  9536
20028  451  9521
20026  439  9535
20018  447  9535
20022  446  9532
20011  461  9528
20009  461  9530
20015  444  9541
20012  448  9540
20011  461  9528
20002  446  9552
19979  448  9573
19987  444  9569
19992  435  9573
19999  443  9558
19989  444  9567
19984  424  9592
19999  414  9587
19986  415  9599
19991  405  9604
19988  398  9614
19994  386  9620
19986  393  9621
19978  402  9620
19987  406  9607
19984  409  9607
19988  401  9611
19976  407  9617
19993  402  9605
19994  412  9594
19987  411  9602
19986  414  9600
19995  410  9595
20008  401  9591
20022  408  9570
20048  394  9558
20063  382  9555
20062  394  9544
20065  371  9564
20071  373  9556
20080  367  9553
20068  373  9559
20085  363  9552
20087  363  9550
20087  379  9534
20082  388  9530
20085  395  9520
20099  386  9515
20086  393  9521
20078  400  9522
20078  396  9526
20074  390  9536
20097  380  9523
20104  380  9516
20095  396  9509
20104  405  9491
20099  422  9479
20107  414  9479
20111  414  9475
20113  423  9464
20119  396  9485
20128  408  9464
20130  406  9464
20142  377  9481
20139  391  9470
20131  388  9481
20124  397  9479
20131  389  9480
20140  389  9471
20141  385  9474
20136  386  9478
20138  379  9483
20146  369  9485
20163  370  9467
20176  362  9462
20173  366  9461
20179  353  9468
20186  353  9461
20190  347  9463
20211  342  9447
20206  346  9448
20204  358  9438
20216  364  9420
20227  352  9421
20231  343  9426
20252  349  9399
20244  373  9383
20248  372  9380
20241  378  9381
20248  373  9379
20256  366  9378
20264  370  9366
20266  376  9358
20257  379  9364
20285  369  9346
20300  359  9341
20306  354  9340
20296  362  9342
20295  355  9350
20305  351  9344
20325  349  9326
20333  349  9318
20350  331  9319
20372  317  9311
20367  321  9312
20369  328  9303
20371  332  9297
20377  340  9283
20401  318  9281
20409  322  9269
20432  313  9255
20428  316  9256
20446  320  9234
20456  327  9217
20465  327  9208
20468  321  9211
20476  319  9205
20485  329  9186
20497  338  9165
20508  333  9159
20506  329  9165
20517  332  9151
20526  341  9133
20521  342  9137
20522  352  9126
20525  351  9124
20555  340  9105
20549  351  9100
20556  354  9090
20570  342  9088
20567  357  9076
20567  352  9081
20570  362  9068
20581  364  9055
20584  356  9060
20605  353  9042
20606  361  9033
20608  355  9037
20609  354  9037
20612  363  9025
20636  341  9023
20638  341  9021
20633  345  9022
20654  322  9024
20651  319  9030
20658  325  9017
20659  330  9011
20675  324  9001
20664  332  9004
20670  336  8994
20674  338  8988
20676  344  8980
20683  353  8964
20688  359  8953
20700  369  8931
20714  359  8927
20724  344  8932
20733  342  8925
20760  337  8903
20767  343  8890
20782  352  8866
20784  357  8859
20791  359  8850
20804  347  8849
20806  348  8846
20809  354  8837
20798  365  8837
20798  363  8839
20803  355  8842
20790  359  8851
20782  371  8847
20780  382  8838
20771  395  8834
20764  398  8838
20748  423  8829
20751  431  8818
20744  443  8813
20750  450  8800
20724  470  8806
20704  474  8822
20689  488  8823
20693  486  8821
20682  477  8841
20686  491  8823
20665  504  8831
20668  494  8838
20665  491  8844
20651  496  8853
20634  508  8858
20624  519  8857
20596  520  8884
20582  514  8904
20576  519  8905
20567  527  8906
20565  519  8916
20548  516  8936
20551  508  8941
20545  511  8944
20538  500  8962
20521  497  8982
20514  487  8999
20515  490  8995
20495  506  8999
20459  532  9009
20441  540  9019
20438  529  9033
20440  533  9027
20409  548  9043
20376  556  9068
20360  560  9080
20359  557  9084
20345  556  9099
20347  541  9112
20343  542  9115
20344  530  9126
20337  528  9135
20339  528  9133
20333  518  9149
20348  515  9137
20328  504  9168
20305  502  9193
20291  510  9199
20283  505  9212
20259  515  9226
20254  524  9222
20240  526  9234
20241  502  9257
20240  497  9263
20246  496  9258
20246  502  9252
20224  497  9279
20224  488  9288
20219  482  9299
20202  495  9303
20176  504  9320
20156  498  9346
20141  507  9352
20142  513  9345
20136  517  9347
20124  499  9377
20114  497  9389
20095  492  9413
20098  492  9410
20087  489  9424
20081  497  9422
20071  489  9440
20053  482  9465
20043  490  9467
20029  505  9466
20025  502  9473
20023  495  9482
20017  494  9489
20004  484  9512
19982  488  9530
19962  501  9537
19943  511  9546
19939  517  9544
19916  525  9559
19904  534  9562
19903  539  9558
19895  501  9604
19894  500  9606
19901  487  9612
19902  473  9625
19906  477  9617
19913  470  9617
19911  460  9629
19915  461  9624
19935  447  9618
19936  447  9617
19944  439  9617
19946  439  9615
19948  435  9617
19937  439  9624
19930  444  9626
19927  434  9639
19924  443  9633
19939  450  9611
19923  442  9635
19932  440  9628
19932  435  9633
19941  445  9614
19944  436  9620
19924  444  9632
19923  452  9625
19914  463  9623
19893  480  9627
19890  469  9641
19885  470  9645
19870  472  9658
19859  478  9663
19848  478  9674
19834  461  9705
19815  472  9713
19817  473  9710
19808  472  9720
19819  459  9722
19794  466  9740
19804  465  9731
19802  454  9744
19803  452  9745
19811  438  9751
19825  436  9739
19831  436  9733
19825  447  9728
19813  448  9739
19818  457  9725
19817  462  9721
19825  445  9730
19833  446  9721
19843  434  9723
19836  443  9721
19844  448  9708
19848  452  9700
19843  460  9697
19840  464  9696
19829  478  9693
19813  485  9702
19792  500  9708
19784  501  9715
19763  517  9720
19763  518  9719
19757  507  9736
19755  534  9711
19739  536  9725
19734  531  9735
19740  527  9733
19728  520  9752
19717  508  9775
19714  500  9786
19709  513  9778
19716  513  9771
19708  515  9777
19695  515  9790
19676  518  9806
19683  500  9817
19682  489  9829
19680  472  9848
19674  473  9853
19665  475  9860
19668  481  9851
19672  456  9872
19676  446  9878
19667  442  9891
19673  446  9881
19671  433  9896
19670  428  9902
19665  436  9899
19673  422  9905
19683  421  9896
19693  433  9874
19701  432  9867
19674  444  9882
19672  439  9889
19668  439  9893
19655  451  9894
19656  443  9901
19651  432  9917
19644  443  9913
19652  435  9913
19643  438  9919
19652  449  9899
19649  451  9900
19652  459  9889
19640  456  9904
19653  449  9898
19659  445  9896
19669  431  9900
19671  427  9902
19676  430  9894
19681  429  9890
19673  442  9885
19691  443  9866
19678  455  9867
19668  457  9875
19678  462  9860
19664  456  9880
19651  480  9869
19648  485  9867
19636  498  9866
19637  499  9864
19649  487  9864
19635  489  9876
19629  491  9880
19621  491  9888
19615  479  9906
19620  480  9900
19610  477  9913
19598  473  9929
19599  463  9938
19581  480  9939
19601  460  9939
19604  458  9938
19600  464  9936
19591  461  9948
19586  461  9953
19573  482  9945
19576  477  9947
19570  481  9949
19551  493  9956
19546  491  9963
19535  504  9961
19557  499  9944
19548  495  9957
19541  493  9966
19540  483  9977
19513  487  10000
19517  496  9987
19513  507  9980
19505  499  9996
19507  503  9990
19526  467  10007
19510  464  10026
19523  463  10014
19511  473  10016
19505  473  10022
19503  461  10036
19493  476  10031
19464  513  10023
19467  512  10021
19462  505  10033
19467  503  10030
19463  498  10039
19452  497  10051
19457  495  10048
19469  482  10049
19466  469  10065
19460  454  10086
19457  452  10091
19461  456  10083
19452  452  10096
19447  456  10097
19461  429  10110
19458  444  10098
19460  448  10092
19462  456  10082
19457  446  10097
19459  456  10085
19449  461  10090
19453  461  10086
19466  466  10068
19456  457  10087
19452  457  10091
19446  468  10086
19452  467  10081
19458  448  10094
19439  463  10098
19454  453  10093
19462  454  10084
19461  449  10090
19465  438  10097
19474  440  10086
19476  431  10093
19493  413  10094
19506  407  10087
19518  407  10075
19512  413  10075
19507  427  10066
19507  423  10070
19511  422  10067
19498  428  10074
19487  437  10076
19499  443  10058
19492  447  10061
19492  453  10055
19487  450  10063
19500  437  10063
19473  437  10090
19478  435  10087
19486  443  10071
19489  463  10048
19484  474  10042
19474  471  10055
19470  474  10056
19487  457  10056
19502  451  10047
19488  444  10068
19498  430  10072
19511  422  10067
19530  416  10054
19531  415  10054
19538  421  10041
19552  413  10035
19571  410  10019
19569  414  10017
19574  412  10014
19591  401  10008
19605  390  10005
19622  382  9996
19630  385  9985
19636  380  9984
19661  356  9983
19667  352  9981
19674  350  9976
19680  355  9965
19695  360  9945
19707  353  9940
19717  350  9933
19726  353  9921
19734  358  9908
19732  365  9903
19744  362  9894
19757  365  9878
19753  372  9875
19764  374  9862
19781  374  9845
19787  362  9851
19796  345  9859
19811  337  9852
19829  330  9841
19849  322  9829
19846  325  9829
19862  332  9806
19878  334  9788
19887  334  9779
19921  329  9750
19939  311  9750
19958  304  9738
19982  311  9707
19991  305  9704
20020  291  9689
20038  285  9677
20055  283  9662
20057  266  9677
20077  262  9661
20107  259  9634
20130  262  9608
20131  274  9595
20146  271  9583
20173  268  9559
20186  263  9551
20218  259  9523
20247  259  9494
20259  258  9483
20288  255  9457
20299  257  9444
20315  258  9427
20324  266  9410
20339  264  9397
20357  274  9369
20374  280  9346
20391  288  9321
20403  284  9313
20416  279  9305
20427  292  9281
20431  295  9274
20435  299  9266
20442  305  9253
20443  300  9257
20466  276  9258
20487  277  9236
20513  276  9211
20526  276  9198
20540  278  9182
20550  280  9170
20563  273  9164
20582  272  9146
20598  272  9130
20607  275  9118
20629  270  9101
20635  265  9100
20646  275  9079
20660  276  9064
20679  268  9053
20687  273  9040
20717  263  9020
20726  278  8996
20746  283  8971
20750  276  8974
20765  274  8961
20787  273  8940
20813  274  8913
20819  281  8900
20827  284  8889
20859  264  8877
20868  268  8864
20867  277  8856
20881  276  8843
20876  283  8841
20885  274  8841
20901  271  8828
20925  255  8820
20936  262  8802
20956  254  8790
20970  249  8781
20986  251  8763
20996  257  8747
21006  259  8735
21025  261  8714
21032  274  8694
21054  278  8668
21065  277  8658
21065  279  8656
21081  273  8646
21109  260  8631
21112  261  8627
21106  275  8619
21130  276  8594
21127  283  8590
21150  276  8574
21154  277  8569
21156  284  8560
21170  290  8540
21178  305  8517
21184  311  8505
21185  314  8501
21185  325  8490
21184  322  8494
21179  327  8494
21160  347  8493
21160  338  8502
21155  327  8518
21163  326  8511
21160  330  8510
21154  336  8510
21159  338  8503
21161  332  8507
21161  324  8515
21162  337  8501
21157  346  8497
21165  347  8488
21182  339  8479
21196  343  8461
21192  353  8455
21193  355  8452
21202  362  8436
21198  364  8438
21179  387  8434
21166  415  8419
21149  427  8424
21140  420  8440
21133  427  8440
21119  422  8459
21099  429  8472
21085  432  8483
21074  441  8485
21083  428  8489
21093  435  8472
21081  441  8478
21060  440  8500
21040  456  8504
21032  469  8499
21022  480  8498
21010  487  8503
20986  485  8529
20985  485  8530
20957  488  8555
20955  476  8569
20930  488  8582
20922  498  8580
20912  482  8606
20899  479  8622
20879  484  8637
20876  480  8644
20868  474  8658
20874  459  8667
20841  476  8683
20821  477  8702
20805  484  8711
20788  500  8712
20784  491  8725
20772  503  8725
20752  522  8726
20737  523  8740
20720  521  8759
20705  527  8768
20688  517  8795
20674  523  8803
20644  520  8836
20616  511  8873
20611  506  8883
20586  502  8912
20582  484  8934
20545  505  8950
20527  501  8972
20527  490  8983
20516  493  8991
20498  501  9001
20486  500  9014
20480  491  9029
20464  486  9050
20455  488  9057
20439  504  9057
20405  527  9068
20411  510  9079
20405  511  9084
20397  512  9091
20378  515  9107
20398  506  9096
20389  496  9115
20374  522  9104
20373  518  9109
20364  503  9133
20369  486  9145
20376  474  9150
20366  461  9173
20366  459  9175
20373  441  9186
20384  447  9169
20384  426  9190
20395  419  9186
20398  410  9192
20400  418  9182
20399  413  9188
20398  415  9187
20401  408  9191
20409  405  9186
20405  410  9185
20402  419  9179
20401  410  9189
20399  418  9183
20413  404  9183
20419  393  9188
20411  401  9188
20433  392  9175
20441  384  9175
20447  382  9171
20447  381  9172
20442  380  9178
20465  384  9151
20439  389  9172
20440  403  9157
20417  417  9166
20412  417  9171
20396  429  9175
20383  432  9185
20395  421  9184
20395  420  9185
20399  424  9177
20396  431  9173
20406  421  9173
20414  418  9168
20413  429  9158
20405  442  9153
20408  453  9139
20406  443  9151
20378  468  9154
20366  463  9171
20361  464  9175
20354  459  9187
20360  456  9184
20366  454  9180
20350  452  9198
20341  456  9203
20339  436  9225
20329  444  9227
20317  440  9243
20305  431  9264
20304  440  9256
20311  424  9265
20313  429  9258
20315  422  9263
20325  426  9249
20315  431  9254
20324  420  9256
20324  421  9255
20331  421  9248
20329  418  9253
20328  417  9255
20336  407  9257
20339  414  9247
20329  422  9249
20321  426  9253
20310  446  9244
20307  446  9247
20321  432  9247
20330  431  9239
20335  427  9238
20320  432  9248
20313  446  9241
20320  434  9246
20312  452  9236
20302  444  9254
20295  444  9261
20289  428  9283
20284  428  9288
20282  433  9285
20281  427  9292
20285  418  9297
20282  439  9279
20289  424  9287
20300  424  9276
20307  421  9272
20294  422  9284
20291  417  9292
20303  416  9281
20304  412  9284
20293  420  9287
20305  421  9274
20301  437  9262
20298  451  9251
20287  456  9257
20264  469  9267
20255  481  9264
20267  487  9246
20256  484  9260
20241  481  9278
20232  485  9283
20228  497  9275
20213  506  9281
20214  498  9288
20204  495  9301
20199  486  9315
20184  484  9332
20187  478  9335
20166  474  9360
20148  469  9383
20146  459  9395
20119  471  9410
20112  466  9422
20106  465  9429
20104  466  9430
20106  454  9440
20103  447  9450
20104  467  9429
20111  461  9428
20127  447  9426
20126  445  9429
20138  432  9430
20141  423  9436
20165  415  9420
20157  423  9420
20146  449  9405
20131  440  9429
20131  430  9439
20121  434  9445
20125  425  9450
20119  440  9441
20107  451  9442
20108  457  9435
20113  453  9434
20091  472  9437
20073  474  9453
20071  472  9457
20061  482  9457
20068  474  9458
20046  460  9494
20037  455  9508
20046  455  9499
20050  446  9504
20051  437  9512
20063  428  9509
20066  430  9504
20056  436  9508
20053  444  9503
20059  449  9492
20051  454  9495
20056  473  9471
20042  469  9489
20044  463  9493
20052  452  9496
20039  454  9507
20042  454  9504
20037  465  9498
20033  451  9516
20027  454  9519
20029  447  9524
20021  447  9532
20040  436  9524
20054  423  9523
20063  422  9515
20058  423  9519
20061  406  9533
20066  399  9535
20074  395  9531
20069  402  9529
20069  397  9534
20082  384  9534
20091  394  9515
20094  398  9508
20109  393  9498
20096  408  9496
20103  405  9492
20107  413  9480
20110  418  9472
20110  417  9473
20107  429  9464
20105  431  9464
20105  425  9470
20109  415  9476
20106  410  9484
20100  408  9492
20105  410  9485
20112  409  9479
20122  404  9474
20101  417  9482
20100  417  9483
20094  415  9491
20125  389  9486
20135  385  9480
20154  373  9473
20169  376  9455
20165  380  9455
20163  378  9459
20174  378  9448
20189  372  9439
20201  374  9425
20208  372  9420
20227  355  9418
20234  359  9407
20243  363  9394
20261  358  9381
20278  346  9376
20297  346  9357
20303  336  9361
20310  340  9350
20319  331  9350
20338  332  9330
20332  337  9331
20337  340  9323
20350  338  9312
20370  332  9298
20380  330  9290
20391  331  9278
20390  347  9263
20397  343  9260
20407  335  9258
20425  340  9235
20422  345  9233
20414  338  9248
20423  340  9237
20427  344  9229
20435  343  9222
20456  340  9204
20464  348  9188
20489  322  9189
20507  332  9161
20517  323  9160
20543  325  9132
20549  330  9121
20560  341  9099
20564  351  9085
20571  350  9079
20584  355  9061
20588  352  9060
20590  354  9056
20599  349  9052
20603  351  9046
20620  359  9021
20609  368  9023
20611  375  9014
20606  377  9017
20613  372  9015
20601  380  9019
20614  373  9013
20619  371  9010
20619  376  9005
20624  389  8987
20621  388  8991
20627  381  8992
20643  368  8989
20644  378  8978
20632  389  8979
20638  397  8965
20621  381  8998
20613  376  9011
20600  391  9009
20618  384  8998
20617  385  8998
20620  381  8999
20620  392  8988
20607  391  9002
20607  378  9015
20618  365  9017
20631  352  9017
20649  355  8996
20654  361  8985
20659  352  8989
20659  361  8980
20653  361  8986
20661  363  8976
20673  358  8969
20676  353  8971
20684  347  8969
20691  335  8974
20691  337  8972
20686  348  8966
20680  351  8969
20683  355  8962
20697  359  8944
20697  347  8956
20713  337  8950
20708  349  8943
20713  345  8942
20725  339  8936
20720  339  8941
20742  323  8935
20745  337  8918
20755  334  8911
20779  312  8909
20780  313  8907
20789  317  8894
20815  310  8875
20820  308  8872
20821  326  8853
20821  340  8839
20824  338  8838
20838  331  8831
20832  343  8825
20818  359  8823
20816  367  8817
20818  367  8815
20835  354  8811
20844  358  8798
20841  351  8808
20843  362  8795
20826  394  8780
20814  411  8775
20813  401  8786
20811  394  8795
20793  405  8802
20786  410  8804
20792  418  8790
20777  430  8793
20753  432  8815
20751  427  8822
20744  434  8822
20744  442  8814
20737  427  8836
20747  427  8826
20742  420  8838
20734  425  8841
20731  424  8845
20730  422  8848
20730  407  8863
20730  402  8868
20743  393  8864
20738  401  8861
20747  398  8855
20757  402  8841
20765  406  8829
20769  409  8822
20759  413  8828
20752  409  8839
20748  408  8844
20717  432  8851
20704  435  8861
20706  442  8852
20702  437  8861
20701  431  8868
20670  440  8890
20650  443  8907
20644  444  8912
20635  449  8916
20619  447  8934
20603  441  8956
20581  447  8972
20576  443  8981
20582  424  8994
20589  421  8990
20584  426  8990
20576  434  8990
20573  437  8990
20564  449  8987
20550  448  9002
20545  446  9009
20546  442  9012
20546  451  9003
20551  446  9003
20532  460  9008
20527  460  9013
20512  466  9022
20486  480  9034
20479  472  9049
20461  485  9054
20421  500  9079
20405  506  9089
20376  519  9105
20380  515  9105
20368  521  9111
20358  517  9125
20353  505  9142
20329  502  9169
20327  506  9167
20312  510  9178
20305  504  9191
20302  497  9201
20326  491  9183
20316  485  9199
20282  506  9212
20266  523  9211
20275  517  9208
20274  524  9202
20265  529  9206
20270  530  9200
20254  524  9222
20243  518  9239
20213  519  9268
20197  514  9289
20201  509  9290
20192  501  9307
20186  507  9307
20173  504  9323
20153  502  9345
20136  524  9340
20127  515  9358
20124  509  9367
20110  512  9378
20102  496  9402
20103  483  9414
20113  470  9417
20110  467  9423
20104  449  9447
20112  433  9455
20120  425  9455
20121  435  9444
20133  428  9439
20135  411  9454
20135  409  9456
20141  413  9446
20126  426  9448
20133  414  9453
20134  416  9450
20149  429  9422
20159  420  9421
20152  431  9417
20133  442  9425
20146  441  9413
20143  458  9399
20154  459  9387
20155  458  9387
20152  451  9397
20140  450  9410
20145  454  9401
20163  462  9375
20171  467  9362
20190  452  9358
20178  448  9374
20182  440  9378
20186  430  9384
20187  428  9385
20170  423  9407
20179  409  9412
20189  392  9419
20186  391  9423
20180  384  9436
20181  379  9440
20174  391  9435
20180  391  9429
20186  392  9422
20190  399  9411
20171  414  9415
20155  422  9423
20143  427  9430
20139  440  9421
20141  455  9404
20144  460  9396
20154  442  9404
20146  441  9413
20141  433  9426
20127  435  9438
20129  427  9444
20130  416  9454
20121  438  9441
20128  438  9434
20145  432  9423
20126  445  9429
20110  458  9432
20107  471  9422
20091  472  9437
20093  462  9445
20091  454  9455
20073  466  9461
20057  485  9458
20042  494  9464
20034  501  9465
20019  505  9476
20006  485  9509
20008  470  9522
20011  477  9512
20002  477  9521
19991  480  9529
19990  491  9519
19970  504  9526
19950  513  9537
19942  519  9539
19946  506  9548
19944  498  9558
19952  479  9569
19961  463  9576
19965  444  9591
19966  438  9596
19950  442  9608
19955  449  9596
19936  441  9623
19948  435  9617
19956  442  9602
19966  437  9597
19960  438  9602
19956  453  9591
19948  469  9583
19942  473  9585
19933  460  9607
19921  463  9616
19913  468  9619
19901  481  9618
19898  489  9613
19881  501  9618
19886  495  9619
19867  511  9622
19852  495  9653
19853  486  9661
19841  482  9677
19845  470  9685
19819  483  9698
19802  488  9710
19805  480  9715
19798  480  9722
19793  479  9728
19790  490  9720
19796  483  9721
19795  480  9725
19786  473  9741
19794  468  9738
19801  468  9731
19779  469  9752
19773  474  9753
19757  491  9752
19765  487  9748
19755  484  9761
19744  476  9780
19752  467  9781
19752  474  9774
19741  476  9783
19741  480  9779
19730  478  9792
19724  467  9809
19727  467  9806
19725  465  9810
19735  438  9827
19744  437  9819
19745  443  9812
19725  461  9814
19717  460  9823
19717  458  9825
19730  460  9810
19737  451  9812
19714  468  9818
19733  459  9808
19717  462  9821
19716  457  9827
19712  444  9844
19697  465  9838
19706  464  9830
19697  459  9844
19684  470  9846
19694  487  9819
19698  486  9816
19700  496  9804
19698  475  9827
19683  473  9844
19685  477  9838
19686  487  9827
19693  486  9821
19692  481  9827
19682  471  9847
19693  475  9832
19686  467  9847
19681  479  9840
19667  482  9851
19673  494  9833
19674  482  9844
19679  473  9848
19694  484  9822
19687  484  9829
19682  482  9836
19679  486  9835
19672  483  9845
19671  485  9844
19667  473  9860
19669  467  9864
19670  462  9868
19678  455  9867
19650  464  9886
19660  455  9885
19637  462  9901
19623  467  9910
19610  469  9921
19605  472  9923
19610  473  9917
19629  453  9918
19621  456  9923
19615  460  9925
19611  457  9932
19627  453  9920
19638  444  9918
19648  434  9918
19650  442  9908
19644  454  9902
19640  455  9905
19651  450  9899
19654  455  9891
19658  449  9893
19661  447  9892
19671  446  9883
19667  449  9884
19678  451  9871
19680  439  9881
19694  430  9876
19700  419  9881
19723  403  9874
19721  397  9882
19738  380  9882
19739  384  9877
19750  378  9872
19762  370  9868
19771  365  9864
19772  369  9859
19778  363  9859
19796  370  9834
19799  370  9831
19810  357  9833
19830  329  9841
19852  316  9832
19875  315  9810
19862  325  9813
19872  328  9800
19880  325  9795
19881  330  9789
19896  329  9775
19921  316  9763
19935  312  9753
19945  324  9731
19967  325  9708
19981  336  9683
19975  360  9665
19982  371  9647
19987  385  9628
19990  382  9628
20007  372  9621
20007  372  9621
20012  368  9620
20014  373  9613
20030  361  9609
20026  363  9611
20039  357  9604
20046  349  9605
20051  352  9597
20056  351  9593
20072  354  9574
20082  338  9580
20100  332  9568
20116  329  9555
20145  316  9539
20165  322  9513
20183  319  9498
20196  312  9492
20214  316  9470
20233  324  9443
20241  330  9429
20258  340  9402
20268  339  9393
20276  343  9381
20301  341  9358
20311  338  9351
20303  349  9348
20316  348  9336
20322  347  9331
20346  352  9302
20361  340  9299
20360  360  9280
20354  364  9282
20376  352  9272
20372  356  9272
20375  366  9259
20386  358  9256
20385  363  9252
20398  365  9237
20403  360  9237
20396  363  9241
20418  354  9228
20430  347  9223
20443  346  9211
20457  353  9190
20453  368  9179
20454  367  9179
20443  372  9185
20456  376  9168
20469  394  9137
20474  388  9138
20478  391  9131
20467  398  9135
20468  411  9121
20464  415  9121
20462  416  9122
20478  415  9107
20476  413  9111
20476  409  9115
20464  404  9132
20466  411  9123
20464  416  9120
20475  407  9118
20474  406  9120
20460  413  9127
20460  417  9123
20456  410  9134
20449  416  9135
20440  418  9142
20451  421  9128
20446  420  9134
20446  413  9141
20439  427  9134
20445  410  9145
20456  416  9128
20444  420  9136
20418  432  9150
20392  447  9161
20390  444  9166
20372  457  9171
20363  450  9187
20341  453  9206
20332  462  9206
20334  460  9206
20329  462  9209
20309  474  9217
20323  462  9215
20309  454  9237
20304  452  9244
20307  454  9239
20303  457  9240
20294  461  9245
20317  447  9236
20328  430  9242
20310  435  9255
20306  442  9252
20312  417  9271
20334  408  9258
20312  436  9252
20312  443  9245
20289  468  9243
20293  471  9236
20289  474  9237
20264  478  9258
20254  484  9262
20230  510  9260
20213  516  9271
20183  532  9285
20187  525  9288
20172  528  9300
20148  532  9320
20145  520  9335
20116  506  9378
20105  509  9386
20085  501  9414
20085  497  9418
20075  492  9433
20062  500  9438
20048  494  9458
20035  487  9478
20030  481  9489
20025  475  9500
20019  476  9505
20024  470  9506
20016  484  9500
20011  497  9492
20012  494  9494
20004  496  9500
20006  482  9512
20009  478  9513
20016  475  9509
20000  485  9515
19995  489  9516
20003  490  9507
19989  483  9528
19970  492  9538
19971  492  9537
19955  505  9540
19960  501  9539
19952  513  9535
19932  524  9544
19932  505  9563
19922  484  9594
19916  488  9596
19890  498  9612
19881  506  9613
19876  500  9624
19867  497  9636
19868  484  9648
19850  494  9656
19854  499  9647
19832  513  9655
19830  511  9659
19837  503  9660
19832  489  9679
19832  504  9664
19832  489  9679
19833  486  9681
19826  483  9691
19833  481  9686
19821  492  9687
19827  491  9682
19808  499  9693
19808  499  9693
19822  491  9687
19810  481  9709
19817  472  9711
19811  475  9714
19814  465  9721
19811  461  9728
19808  463  9729
19804  455  9741
19818  446  9736
19830  439  9731
19827  440  9733
19847  426  9727
19841  444  9715
19846  448  9706
19834  450  9716
19824  477  9699
19824  481  9695
19818  498  9684
19821  495  9684
19825  473  9702
19820  469  9711
19811  464  9725
19798  468  9734
19804  459  9737
19792  455  9753
19787  447  9766
19772  460  9768
19759  472  9769
19769  462  9769
19769  456  9775
19762  464  9774
19756  458  9786
19763  455  9782
19769  454  9777
19759  459  9782
19770  466  9764
19779  460  9761
19765  467  9768
19762  457  9781
19769  457  9774
19765  460  9775
19748  460  9792
19748  461  9791
19758  460  9782
19756  462  9782
19750  458  9792
19736  457  9807
19749  467  9784
19738  479  9783
19733  481  9786
19726  466  9808
19736  470  9794
19728  475  9797
19720  472  9808
19722  464  9814
19714  469  9817
19724  469  9807
19725  461  9814
19725  463  9812
19721  463  9816
19731  447  9822
19722  448  9830
19712  452  9836
19720  450  9830
19715  445  9840
19710  447  9843
19704  442  9854
19711  448  9841
19690  463  9847
19682  468  9850
19684  461  9855
19696  462  9842
19685  459  9856
19694  470  9836
19702  475  9823
19705  467  9828
19674  478  9848
19676  473  9851
19688  478  9834
19683  474  9843
19680  481  9839
19668  486  9846
19691  475  9834
19682  484  9834
19671  496  9833
19655  508  9837
19648  503  9849
19624  497  9879
19634  485  9881
19621  494  9885
19635  483  9882
19639  484  9877
19625  478  9897
19623  471  9906
19608  484  9908
19589  492  9919
19580  482  9938
19563  500  9937
19560  504  9936
19579  494  9927
19569  491  9940
19553  497  9950
19547  481  9972
19543  495  9962
19547  502  9951
19554  492  9954
19535  502  9963
19537  511  9952
19504  520  9976
19505  509  9986
19512  475  10013
19513  484  10003
19510  490  10000
19516  489  9995
19510  489  10001
19486  503  10011
19476  495  10029
19464  506  10030
19452  530  10018
19441  536  10023
19418  543  10039
19397  544  10059
19384  549  10067
19381  530  10089
19389  525  10086
19375  525  10100
19353  545  10102
19348  542  10110
19352  533  10115
19348  542  10110
19337  551  10112
19348  548  10104
19351  538  10111
19346  511  10143
19349  522  10129
19335  531  10134
19346  513  10141
19340  517  10143
19336  521  10143
19319  514  10167
19312  516  10172
19299  512  10189
19275  535  10190
19290  516  10194
19277  519  10204
19291  510  10199
19266  517  10217
19256  520  10224
19260  511  10229
19260  494  10246
19264  495  10241
19251  505  10244
19243  516  10241
19247  511  10242
19226  498  10276
19229  500  10271
19230  501  10269
19209  500  10291
19208  491  10301
19199  479  10322
19179  492  10329
19182  480  10338
19162  493  10345
19158  504  10338
19161  502  10337
19156  503  10341
19162  505  10333
19177  492  10331
19173  484  10343
19169  484  10347
19171  483  10346
19164  502  10334
19162  493  10345
19160  478  10362
19169  476  10355
19163  474  10363
19161  487  10352
19168  481  10351
19165  473  10362
19158  470  10372
19151  485  10364
19153  486  10361
19157  471  10372
19134  481  10385
19136  481  10383
19157  472  10371
19174  466  10360
19177  455  10368
19187  445  10368
19188  450  10362
19204  445  10351
19214  445  10341
19221  447  10332
19230  428  10342
19241  432  10327
19240  445  10315
19249  444  10307
19251  445  10304
19243  459  10298
19238  468  10294
19244  465  10291
19242  469  10289
19241  472  10287
19242  466  10292
19225  467  10308
19235  451  10314
19231  460  10309
19234  455  10311
19221  471  10308
19212  476  10312
19214  481  10305
19216  476  10308
19221  464  10315
19222  455  10323
19206  465  10329
19220  462  10318
19228  452  10320
19234  452  10314
19247  432  10321
19228  447  10325
19224  439  10337
19218  435  10347
19223  441  10336
19240  430  10330
19242  417  10341
19241  415  10344
19242  407  10351
19254  414  10332
19277  398  10325
19280  400  10320
19287  417  10296
19299  419  10282
19309  412  10279
19324  408  10268
19338  409  10253
19339  412  10249
19361  412  10227
19365  404  10231
19368  399  10233
19376  392  10232
19398  367  10235
19422  358  10220
19450  355  10195
19455  364  10181
19474  368  10158
19491  367  10142
19493  372  10135
19483  367  10150
19491  366  10143
19513  371  10116
19524  382  10094
19533  390  10077
19542  396  10062
19554  388  10058
19563  391  10046
19561  399  10040
19578  398  10024
19583  399  10018
19603  391  10006
19619  389  9992
19616  400  9984
19623  386  9991
19645  363  9992
19658  351  9991
19669  358  9973
19692  358  9950
19701  368  9931
19713  366  9921
19729  366  9905
19741  359  9900
19734  362  9904
19733  358  9909
19763  350  9887
19779  342  9879
19778  352  9870
19778  353  9869
19791  344  9865
19791  336  9873
19797  339  9864
19803  336  9861
19822  330  9848
19834  321  9845
19848  320  9832
19861  312  9827
19871  304  9825
19865  303  9832
19875  299  9826
19864  323  9813
19881  321  9798
19902  320  9778
19919  317  9764
19915  309  9776
19932  307  9761
19928  320  9752
19931  316  9753
19934  325  9741
19949  328  9723
19946  333  9721
19966  327  9707
19996  318  9686
20005  325  9670
20007  328  9665
20021  328  9651
20038  329  9633
20024  346  9630
20036  338  9626
20057  336  9607
20072  321  9607
20089  328  9583
20105  319  9576
20112  329  9559
20133  329  9538
20131  339  9530
20153  334  9513
20169  328  9503
20171  333  9496
20206  329  9465
20225  336  9439
20236  346  9418
20260  350  9390
20254  356  9390
20256  355  9389
20260  365  9375
20266  368  9366
20275  365  9360
20284  374  9342
20280  386  9334
20318  373  9309
20317  383  9300
20317  386  9297
20318  397  9285
20335  389  9276
20332  397  9271
20336  380  9284
20329  367  9304
20322  385  9293
20327  382  9291
20334  391  9275
20340  384  9276
20344  385  9271
20337  397  9266
20341  392  9267
20339  385  9276
20329  397  9274
20333  400  9267
20342  397  9261
20340  395  9265
20348  382  9270
20348  385  9267
20349  383  9268
20353  373  9274
20358  376  9266
20357  387  9256
20347  391  9262
20360  395  9245
20365  401  9234
20384  398  9218
20383  405  9212
20379  403  9218
20373  415  9212
20384  407  9209
20375  413  9212
20364  410  9226
20360  409  9231
20376  402  9222
20365  389  9246
20349  401  9250
20361  396  9243
20378  394  9228
20374  390  9236
20365  391  9244
20369  379  9252
20368  387  9245
20363  394  9243
20365  390  9245
20348  411  9241
20360  404  9236
20345  417  9238
20334  419  9247
20336  419  9245
20334  428  9238
20330  427  9243
20320  431  9249
20333  429  9238
20333  424  9243
20335  426  9239
20333  427  9240
20332  433  9235
20307  439  9254
20306  439  9255
20281  462  9257
20275  463  9262
20261  475  9264
20265  477  9258
20260  461  9279
20254  461  9285
20233  473  9294
20235  471  9294
20231  460  9309
20227  459  9314
20243  445  9312
20238  427  9335
20225  425  9350
20212  449  9339
20204  461  9335
20191  462  9347
20178  459  9363
20188  465  9347
20189  455  9356
20177  463  9360
20172  475  9353
20159  496  9345
20154  493  9353
20154  487  9359
20135  499  9366
20134  498  9368
20126  509  9365
20113  521  9366
20119  516  9365
20115  504  9381
20110  509  9381
20127  509  9364
20112  502  9386
20114  499  9387
20121  495  9384
20125  484  9391
20123  496  9381
20126  496  9378
20123  482  9395
20124  473  9403
20114  478  9408
20116  471  9413
20112  472  9416
20103  475  9422
20107  456  9437
20112  465  9423
20098  474  9428
20102  477  9421
20086  494  9420
20087  486  9427
20079  480  9441
20074  488  9438
20069  486  9445
20061  499  9440
20050  497  9453
20026  505  9469
20038  482  9480
20043  473  9484
20042  488  9470
20044  487  9469
20025  494  9481
20010  492  9498
19989  503  9508
19978  501  9521
19971  509  9520
19955  514  9531
19934  512  9554
19912  512  9576
19903  506  9591
19883  511  9606
19870  531  9599
19871  538  9591
19860  542  9598
19854  551  9595
19853  537  9610
19852  545  9603
19847  542  9611
19829  545  9626
19803  551  9646
19796  540  9664
19759  555  9686
19751  557  9692
19737  553  9710
19737  566  9697
19735  551  9714
19733  537  9730
19728  540  9732
19709  546  9745
19705  537  9758
19692  529  9779
19676  532  9792
19653  540  9807
19659  517  9824
19664  521  9815
19660  515  9825
19645  526  9829
19638  517  9845
19618  511  9871
19609  505  9886
19603  503  9894
19588  505  9907
19595  487  9918
19585  495  9920
19589  479  9932
19552  504  9944
19566  493  9941
19557  504  9939
19562  492  9946
19555  493  9952
19559  472  9969
19571  468  9961
19582  451  9967
19575  446  9979
19579  451  9970
19594  439  9967
19603  433  9964
19589  435  9976
19594  430  9976
19592  418  9990
19590  414  9996
19579  407  10014
19600  407  9993
19590  412  9998
19592  409  9999
19590  411  9999
19605  413  9982
19618  394  9988
19613  403  9984
19620  400  9980
19653  398  9949
19656  406  9938
19657  393  9950
19672  385  9943
19689  377  9934
19699  369  9932
19724  360  9916
19733  354  9913
19723  365  9912
19719  363  9918
19727  364  9909
19731  370  9899
19738  350  9912
19742  347  9911
19759  345  9896
19774  342  9884
19790  350  9860
19808  341  9851
19835  343  9822
19852  341  9807
19850  358  9792
19858  359  9783
19878  353  9769
19883  360  9757
19899  346  9755
19917  342  9741
19936  344  9720
19943  342  9715
19970  344  9686
19983  330  9687
20003  322  9675
20013  333  9654
20023  338  9639
20042  338  9620
20045  355  9600
20057  345  9598
20070  338  9592
20074  329  9597
20079  329  9592
20082  339  9579
20099  342  9559
20102  345  9553
20094  343  9563
20109  337  9554
20114  330  9556
20113  331  9556
20133  336  9531
20142  330  9528
20146  332  9522
20148  349  9503
20141  371  9488
20144  356  9500
20143  359  9498
20149  363  9488
20157  368  9475
20167  388  9445
20178  385  9437
20190  390  9420
20183  398  9419
20191  390  9419
20197  393  9410
20198  406  9396
20209  393  9398
20205  400  9395
20201  402  9397
20204  413  9383
20192  409  9399
20195  412  9393
20209  405  9386
20211  407  9382
20218  393  9389
20223  396  9381
20230  389  9381
20233  383  9384
20242  379  9379
20256  372  9372
20258  381  9361
20258  389  9353
20250  396  9354
20252  391  9357
20271  383  9346
20274  387  9339
20275  367  9358
20273  389  9338
20275  386  9339
20283  385  9332
20292  393  9315
20309  386  9305
20318  369  9313
20320  372  9308
20318  387  9295
20323  366  9311
20328  362  9310
20328  370  9302
20349  363  9288
20358  372  9270
20380  365  9255
20390  367  9243
20368  387  9245
20371  390  9239
20369  385  9246
20374  394  9232
20372  397  9231
20354  422  9224
20359  414  9227
20347  426  9227
20340  425  9235
20338  442  9220
20350  443  9207
20348  435  9217
20339  430  9231
20343  423  9234
20343  428  9229
20342  427  9231
20332  434  9234
20322  416  9262
20318  420  9262
20330  406  9264
20333  408  9259
20340  401  9259
20338  400  9262
20320  403  9277
20311  410  9279
20306  423  9271
20297  423  9280
20300  428  9272
20302  420  9278
20293  436  9271
20286  441  9273
20290  428  9282
20289  429  9282
20288  443  9269
20275  454  9271
20268  447  9285
20251  444  9305
20252  427  9321
20260  413  9327
20256  417  9327
20252  425  9323
20245  441  9314
20246  455  9299
20242  457  9301
20249  451  9300
20237  440  9323
20227  434  9339
20240  443  9317
20237  452  9311
20222  456  9322
20198  470  9332
20218  472  9310
20213  473  9314
20191  472  9337
20184  475  9341
20164  496  9340
20157  499  9344
20153  505  9342
20139  511  9350
20115  533  9352
20086  527  9387
20062  550  9388
20045  546  9409
20026  549  9425
20016  556  9428
19984  556  9460
19983  550  9467
19961  550  9489
19954  535  9511
19928  540  9532
19926  532  9542
19898  545  9557
19880  540  9580
19872  547  9581
19859  552  9589
19840  532  9628
19842  535  9623
19822  530  9648
19803  538  9659
19798  541  9661
19788  534  9678
19782  531  9687
19780  536  9684
19756  551  9693
19748  547  9705
19723  552  9725
19708  554  9738
19701  564  9735
19695  569  9736
19679  572  9749
19675  571  9754
19650  592  9758
19634  586  9780
19621  589  9790
19604  591  9805
19605  591  9804
19593  603  9804
19584  602  9814
19566  593  9841
19572  596  9832
19560  599  9841
19550  605  9845
19544  610  9846
19528  604  9868
19523  593  9884
19498  563  9939
19483  566  9951
19483  568  9949
19466  554  9980
19454  550  9996
19438  551  10011
19425  550  10025
19432  533  10035
19422  531  10047
19421  524  10055
19441  516  10043
19450  499  10051
19443  497  10060
19448  497  10055
19432  504  10064
19406  510  10084
19403  493  10104
19400  473  10127
19400  494  10106
19395  496  10109
19383  500  10117
19391  493  10116
19390  498  10112
19361  517  10122
19372  516  10112
19376  518  10106
19367  522  10111
19361  509  10130
19369  516  10115
19366  521  10113
19365  518  10117
19360  528  10112
19353  534  10113
19343  547  10110
19351  539  10110
19346  524  10130
19333  528  10139
19328  538  10134
19321  539  10140
19291  555  10154
19288  552  10160
19279  555  10166
19268  539  10193
19267  538  10195
19261  531  10208
19259  533  10208
19246  544  10210
19251  537  10212
19246  525  10229
19232  524  10244
19216  527  10257
19209  538  10253
19193  535  10272
19184  515  10301
19174  500  10326
19175  501  10324
19162  505  10333
19152  490  10358
19163  491  10346
19161  489  10350
19156  495  10349
19154  493  10353
19164  496  10340
19142  497  10361
19150  470  10380
19167  441  10392
19181  435  10384
19210  433  10357
19223  432  10345
19226  433  10341
19246  426  10328
19277  424  10299
19285  411  10304
19288  408  10304
19287  414  10299
19289  421  10290
19294  410  10296
19318  395  10287
19313  404  10283
19346  397  10257
19352  411  10237
19355  422  10223
19361  403  10236
19354  400  10246
19359  396  10245
19375  389  10236
19389  378  10233
19407  380  10213
19424  364  10212
19442  361  10197
19466  363  10171
19485  355  10160
19508  352  10140
19525  352  10123
19526  366  10108
19538  361  10101
19552  361  10087
19547  366  10087
19565  375  10060
19581  370  10049
19613  355  10032
19634  348  10018
19647  337  10016
19655  334  10011
19665  331  10004
19691  337  9972
19703  332  9965
19713  334  9953
19735  330  9935
19757  313  9930
19769  313  9918
19785  316  9899
19805  308  9887
19810  316  9874
19830  318  9852
19832  327  9841
19845  338  9817
19869  328  9803
19898  328  9774
19901  329  9770
19921  317  9762
19929  320  9751
19935  307  9758
19956  302  9742
19969  303  9728
19988  306  9706
20013  303  9684
20022  300  9678
20032  298  9670
20062  293  9645
20073  293  9634
20106  285  9609
20104  304  9592
20135  300  9565
20156  289  9555
20174  294  9532
20189  292  9519
20198  292  9510
20212  291  9497
20221  282  9497
20243  277  9480
20254  284  9462
20260  284  9456
20285  280  9435
20295  272  9433
20324  272  9404
20336  271  9393
20355  272  9373
20366  273  9361
20382  279  9339
20404  276  9320
20417  277  9306
20444  271  9285
20459  271  9270
20470  267  9263
20474  282  9244
20468  281  9251
20484  275  9241
20490  285  9225
20507  297  9196
20528  299  9173
20542  303  9155
20549  306  9145
20564  311  9125
20562  308  9130
20569  317  9114
20565  320  9115
20566  336  9098
20572  341  9087
20587  340  9073
20594  340  9066
20605  334  9061
20620  334  9046
20625  334  9041
20630  333  9037
20626  334  9040
20639  340  9021
20653  342  9005
20657  331  9012
20670  336  8994
